[0.01693371 0.88167338 0.84888719 0.45442416 0.75907434 0.53463967
 0.42198691 0.3102427  0.45250768 0.39729632 0.83390991 0.57184223
 0.68644874 0.66867247 0.        ],[0.358835   0.66283483 0.61490229 0.43744883 0.55995859 0.39071339
 0.28398779 0.36704778 0.61962822 0.39485654 0.43236953 0.43661527
 0.48971726 0.48901612 0.        ],[0.83333248 0.53319298 0.47886107 0.53578947 0.42082223 0.36064748
 0.37006763 0.51495479 0.59632804 0.38651605 0.35611083 0.36448746
 0.4239045  0.36595307 0.        ],[1.0179557  0.48284144 0.4779493  0.67871455 0.4307266  0.47768192
 0.58312137 0.68245528 0.52989466 0.4637106  0.51978968 0.43781811
 0.50174375 0.40772649 0.        ],[0.03833786 0.48082111 0.67319102 0.69891533 0.73606642 0.75166546
 0.69593356 0.69597659 0.71034059 0.75483444 0.71390129 0.76184139
 0.71906843 0.77009001 0.        ],[0.04365524 0.39038181 0.58835099 0.65414426 0.62387291 0.63603326
 0.63472695 0.64824926 0.63065658 0.6298353  0.62911269 0.62583692
 0.62757397 0.62278036 0.        ],[0.72046812 0.32085216 0.37633346 0.60181183 0.46146591 0.6059518
 0.45814507 0.60208412 0.45871943 0.60651461 0.45875401 0.60716831
 0.45879155 0.60766247 0.        ],[0.49006371 0.4654519  0.49088899 0.52790195 0.50753548 0.5278502
 0.51014127 0.5298679  0.51150253 0.52962921 0.51280823 0.53027735
 0.51383438 0.53075303 0.        ],[0.01672451 0.38635002 0.62054451 0.71577213 0.67568852 0.71340392
 0.67253077 0.71054658 0.66977581 0.70849303 0.66715511 0.70634345
 0.66488699 0.70490244 0.        ],[0.13231289 0.11787596 0.30231976 0.50702093 0.39789977 0.51022234
 0.40416389 0.51343801 0.41005312 0.51630322 0.41564324 0.5192453
 0.4206776  0.52133444 0.        ],[-0.05013809  0.34814469  0.47385803  0.44131653  0.47454286  0.44036502
  0.47281695  0.439342    0.47113081  0.43838923  0.46950406  0.43745314
  0.46805314  0.43683802  0.        ],[0.10221624 0.24374281 0.39072953 0.48874462 0.44051004 0.48857087
 0.44113954 0.48853891 0.44156468 0.48840036 0.44188887 0.4884054
 0.44220401 0.48843138 0.        ],[0.15401976 0.21692978 0.32919641 0.42261868 0.37292712 0.42254907
 0.37254991 0.42233673 0.37233786 0.42226486 0.37219035 0.42222816
 0.3720235  0.42207235 0.        ],[0.39131674 0.26833175 0.29003211 0.36398135 0.31743642 0.36340051
 0.31773108 0.36348533 0.31754665 0.36307128 0.31713271 0.36233655
 0.31670485 0.36210493 0.        ],[0. 0. 0. 0. 0. 0. 0. 0. 0. 0. 0. 0. 0. 0. 0.],