[-0.1728484   0.51799229  1.21868147  1.35160609  0.06196421  0.94869087
  0.50501419  0.65166276  0.82001793  1.03243175  0.49343319  0.25473624
  0.24876109 -0.05942249  0.09891459  0.93442548  0.9285968   0.2351803
 -0.02137613  0.        ],[-0.61042484  0.65348064  0.54808022  0.40482134  0.40414374  0.33647097
  0.22648107  0.5914641   0.66800001  0.53879403  0.48735989  0.5303236
  0.4884353   0.49376085  0.45754537  0.37635463  0.73041834  0.65877913
  0.35452091  0.        ],[-0.17716299  0.72267203  0.77786345  0.60407082  0.34972701  0.58762681
  0.35721146  0.66253269  0.7189845   0.47811194  0.53163476  0.46153443
  0.39123651  0.30314449  0.41881613  0.65629248  0.58738975  0.56153838
  0.43661829  0.        ],[0.51088282 0.60739058 0.78632315 0.74532894 0.36933305 0.67167525
 0.39514366 0.53948482 0.61230703 0.65274903 0.58772714 0.3241088
 0.31434218 0.33589572 0.45865193 0.51815804 0.27427877 0.20232659
 0.32675297 0.        ],[0.20532568 0.49847157 0.59661622 0.71046486 0.47371757 0.69016915
 0.66071595 0.57213748 0.31303375 0.58868766 0.5894681  0.31628305
 0.29261742 0.46902364 0.430837   0.41998136 0.26426605 0.29520346
 0.35041161 0.        ],[0.92039775 0.53556894 0.54752937 0.51436482 0.42207295 0.47390469
 0.46983968 0.41476549 0.22039223 0.38406262 0.67004306 0.43140269
 0.32107184 0.36726403 0.40266571 0.42816533 0.63992204 0.60700365
 0.64343052 0.        ],[1.37404288 0.39555796 0.55192852 0.403653   0.69776885 0.66179552
 0.42264553 0.46833447 0.37739806 0.3352045  0.62515142 0.6877851
 0.39289841 0.3961696  0.29778248 0.46857035 0.64863044 0.50383255
 0.66537586 0.        ],[0.95916063 0.32794215 0.36519015 0.56439421 0.69539532 0.41837739
 0.33344814 0.28354144 0.34187613 0.62008536 0.58011453 0.52717852
 0.38990966 0.52935686 0.49243567 0.39939846 0.42377485 0.70016761
 0.66625602 0.        ],[-0.09957248  0.54353969  0.56847898  0.66373097  0.6468506   0.42131881
  0.36271298  0.54716675  0.5042018   0.59877097  0.51456683  0.19608054
  0.27597331  0.52576489  0.77158306  0.64955521  0.67859765  0.71684814
  0.5341343   0.        ],[0.7745247  0.43191678 0.57340369 0.45243075 0.47846182 0.3282616
 0.63625169 0.81521967 0.62449278 0.53961706 0.54475688 0.35130978
 0.44808783 0.68568242 0.8735123  0.75324317 0.67145068 0.59830597
 0.45084288 0.        ],[-0.09564764  0.55729557  0.53841998  0.72162676  0.55609071  0.36342971
  0.58906194  0.77563965  0.84898096  0.67756092  0.46507862  0.43768611
  0.693196    0.46570051  0.41388991  0.47551371  0.70750373  0.33937672
  0.20482397  0.        ],[0.54119804 0.47057561 0.67579529 0.83386799 0.50483253 0.60713987
 0.53150999 0.51434349 0.75424665 0.69011475 0.52945746 0.55368758
 0.68714643 0.35873359 0.4069238  0.4922855  0.74383081 0.52196947
 0.28054351 0.        ],[0.94653802 0.59585545 0.57950918 0.76237643 0.57745564 0.50435296
 0.49397228 0.64026793 0.68372523 0.6435003  0.51685867 0.564689
 0.56041995 0.28633713 0.49144854 0.5239123  0.44970153 0.35094838
 0.47709793 0.        ],[0.74587799 0.68588435 0.48933769 0.5027106  0.68066724 0.40943375
 0.58439963 0.6933646  0.54084253 0.45173871 0.44941655 0.44297256
 0.54486845 0.41473738 0.35630577 0.42857379 0.56752667 0.29688725
 0.22082353 0.        ],[0.84241125 0.4914715  0.31233645 0.3364024  0.60245038 0.46160469
 0.7004192  0.69303135 0.78361486 0.3928889  0.14692295 0.07633789
 0.36457405 0.71818111 0.66749878 0.39987926 0.45590587 0.44932733
 0.22687145 0.        ],[-0.0215089   0.49386386  0.47236102  0.35200137  0.59464895  0.60665401
  0.65088995  0.55671858  0.80703187  0.72750879  0.59404006  0.13498052
  0.52607809  0.7735982   0.87716361  0.36983249  0.55701485  0.57911925
  0.50868459  0.        ],[-0.16674178  0.31290258  0.50584506  0.53706706  0.51086585  0.37309555
  0.42493059  0.59730258  0.9332945   0.77947552  0.60335133  0.12285093
  0.33587599  0.88969302  0.89570583  0.40189298  0.40325354  0.45450378
  0.20196888  0.        ],[0.59937924 0.4090461  0.40758009 0.48884537 0.43537013 0.45908865
 0.24958731 0.39487413 0.89902153 0.74578686 0.59881722 0.45224579
 0.54622598 0.84321222 0.66599302 0.33602012 0.55290101 0.54839395
 0.29471767 0.        ],[0.99360343 0.54340923 0.36017109 0.33498405 0.26115803 0.34657865
 0.28360208 0.42715259 0.79364414 0.64237648 0.54646938 0.59170807
 0.58945702 0.69736335 0.41780215 0.28622851 0.6395676  0.52445495
 0.46052516 0.        ],[0. 0. 0. 0. 0. 0. 0. 0. 0. 0. 0. 0. 0. 0. 0. 0. 0. 0. 0. 0.],