[-0.42929034  0.55441738  0.76192381  0.47168678  0.46243208  0.28948465
  0.0805069   0.04024915  0.42850015  0.12074846  0.25854169  0.7793298
  0.79470727  1.04395169  0.92383093  0.41992991 -0.01669148  0.52808223
  0.79805088  0.37915405  0.28354343  0.42158591  0.58583455  0.74833348
  0.2277501   0.26099172  0.65357827  0.30076276  0.16792229  0.88053863
  1.15227205  0.67210747  0.49435824  0.14202898  0.56341685  0.3477913
  0.29215035 -0.03685028  0.52408341  0.21023978  0.14575831 -0.03490107
 -0.09582905  0.44451115  1.1711112   1.05964197  0.47699726  0.32622004
  0.3825993   0.        ],[0.40459583 0.55068549 0.6044984  0.6160773  0.6772669  0.52905124
 0.40310947 0.51660575 0.39791217 0.50788519 0.41741009 0.49459861
 0.40708999 0.55090429 0.76910164 0.61446683 0.65247177 0.63783913
 0.70576318 0.60020786 0.44659682 0.40818693 0.27829204 0.45787099
 0.44183559 0.49012297 0.64720831 0.47623757 0.40271214 0.55660993
 0.54134075 0.5386551  0.62725431 0.45644624 0.60194507 0.67940117
 0.59681524 0.44357182 0.38209735 0.49965304 0.37637043 0.54741329
 0.44672489 0.37683843 0.7141326  0.68924847 0.35346037 0.36952914
 0.50636546 0.        ],[0.69144559 0.60156633 0.60562831 0.67077853 0.67208411 0.53248137
 0.3804463  0.51039017 0.28973407 0.42387169 0.40560491 0.45093742
 0.26136968 0.28101357 0.524038   0.66209005 0.80333747 0.67764367
 0.69002272 0.70111711 0.48349648 0.40651403 0.29562094 0.52093957
 0.63592722 0.5375479  0.65648043 0.57698297 0.44478498 0.31159438
 0.42603511 0.59461489 0.71891511 0.58374562 0.6222405  0.70765294
 0.53959357 0.59486701 0.38106085 0.59240388 0.42777649 0.62407994
 0.5271552  0.34428163 0.56383689 0.57711062 0.34743859 0.4273902
 0.57743951 0.        ],[0.71509665 0.65608422 0.61814811 0.59792896 0.55763175 0.40876992
 0.25298534 0.23813026 0.23872881 0.15039177 0.34075892 0.54075364
 0.34661576 0.18513449 0.30055759 0.57143105 0.62577501 0.66440965
 0.69897044 0.65604079 0.46886761 0.45279515 0.54769497 0.7284174
 0.71030673 0.47217395 0.65937342 0.59945159 0.40742644 0.24227891
 0.62036678 0.74643735 0.72426676 0.61153858 0.62444264 0.55844754
 0.34600806 0.49461952 0.45118084 0.53919658 0.39981472 0.42169508
 0.30743476 0.3329314  0.46017908 0.40470849 0.10836133 0.10758747
 0.47290977 0.        ],[ 1.02990451  0.5640416   0.34325249  0.38802412  0.61146602  0.47998002
  0.59985558  0.33673559  0.518374    0.4265635   0.51848085  0.46318899
  0.53587652  0.19180965  0.38708176  0.42186783  0.65272905  0.59074875
  0.58277932  0.444791    0.59157219  0.58806176  0.68252804  0.54600692
  0.46336662  0.4840195   0.57238632  0.53792703  0.56781485  0.50149674
  0.59628067  0.68196894  0.58632465  0.69108422  0.56705172  0.57387952
  0.56636348  0.46778427  0.47819054  0.53957563  0.59068844  0.59973816
  0.35585195  0.31730664 -0.13210651 -0.52629769 -1.11147589 -1.45468036
 -0.19096199  0.        ],[ 0.36268433  0.4870361   0.50687091  0.4809348   0.5477127   0.53587713
  0.58304007  0.50592294  0.51283582  0.4988869   0.57207465  0.46950749
  0.49800435  0.47633733  0.4655063   0.46655936  0.58701442  0.38964739
  0.48690718  0.38304617  0.563426    0.4996669   0.55312273  0.56196263
  0.48330947  0.4807225   0.46314648  0.47946065  0.53970897  0.41510897
  0.5784142   0.47898662  0.62906195  0.42616876  0.4149425   0.46862886
  0.45740711  0.62776719  0.65141739  0.64524175  0.71157914  0.71561016
  0.62914616  0.3894816  -0.03673379 -0.69393964 -1.45953889 -2.12769694
 -0.95727874  0.        ],[-0.08731486  0.53015153  0.63049279  0.45447928  0.58611788  0.41963841
  0.61182205  0.65447705  0.72815005  0.55918184  0.60873075  0.54175856
  0.64027653  0.58080942  0.71546188  0.55309893  0.52566455  0.50025933
  0.47523193  0.33248534  0.41929624  0.40901408  0.56536986  0.44214175
  0.502801    0.47914141  0.54033622  0.45061229  0.45231097  0.45697465
  0.41443933  0.44186246  0.50621938  0.35176554  0.46732     0.31084638
  0.41711262  0.33149014  0.32556403  0.53834029  0.4911921   0.65061657
  0.59209279  0.62613354  0.06049742 -0.53508603 -1.40245327 -2.19387533
 -1.24361996  0.        ],[ 0.2272856   0.41421954  0.40644956  0.36964175  0.59960402  0.36438498
  0.61000816  0.45267194  0.58112513  0.2974952   0.45631222  0.32257783
  0.51657386  0.40077774  0.61033451  0.50354538  0.56665673  0.46873572
  0.37327515  0.35052516  0.57924782  0.43419735  0.52310051  0.31882389
  0.44684379  0.27818904  0.55393232  0.44291821  0.42992402  0.41250172
  0.44367808  0.57019697  0.5040362   0.47167938  0.41896779  0.46918387
  0.49603486  0.38372026  0.53333414  0.53513621  0.60507564  0.90904167
  1.0270904   1.01290481  0.79301619  0.12150699 -0.63043786 -1.5531126
 -0.9960644   0.        ],[ 0.52780424  0.30354779  0.26050747  0.37265515  0.47062898  0.33531065
  0.45019505  0.380061    0.36898877  0.40517049  0.50011842  0.39849693
  0.41395424  0.44111228  0.46261578  0.49118621  0.41350428  0.32041365
  0.31866867  0.20092648  0.36548695  0.34907939  0.57581246  0.39938464
  0.54183403  0.49439171  0.68139905  0.51475842  0.53993158  0.54097057
  0.54089802  0.33942796  0.43643887  0.45309302  0.57768304  0.69375004
  0.58912395  0.55191872  0.58146552  0.33533413  0.53514272  0.67872585
  1.04896044  1.22310379  1.24514212  0.77660105  0.18842371 -0.57420255
 -0.52044727  0.        ],[0.23122965 0.39122843 0.43792901 0.35737016 0.18638774 0.25935181
 0.2931712  0.32632413 0.39751459 0.54347864 0.56331978 0.59780159
 0.50412049 0.38256652 0.181668   0.29866556 0.37828493 0.48020357
 0.43278865 0.43785487 0.61571559 0.45801285 0.37425889 0.31635617
 0.27108521 0.34748878 0.38114996 0.50242975 0.63412818 0.57913843
 0.51645057 0.40371313 0.41856752 0.35513639 0.64576261 0.75441849
 0.91486195 0.90234931 0.68836795 0.40727758 0.24963699 0.40439632
 0.76148394 1.12769057 1.24204239 1.1474718  1.0350772  0.77082961
 0.14455899 0.        ],[0.48871932 0.36121159 0.32851449 0.37866527 0.46179015 0.47075563
 0.38940398 0.45917486 0.3209188  0.42575481 0.55031035 0.61629937
 0.43870886 0.35075049 0.27048553 0.18161671 0.23886538 0.27404463
 0.28408788 0.50464672 0.41504675 0.45054156 0.39079149 0.38451943
 0.42312465 0.46942687 0.67987895 0.58982639 0.562299   0.44078834
 0.6190772  0.49954241 0.61457643 0.38848121 0.5957198  0.62768469
 0.85797394 0.82372741 0.76048281 0.58188627 0.40964367 0.55396235
 0.79767424 1.15154549 1.34137316 1.63479837 1.74743259 1.62168467
 0.08776727 0.        ],[0.57061007 0.3675131  0.26328345 0.31823947 0.57775649 0.50292412
 0.61518254 0.42566351 0.55959084 0.60396089 0.63078895 0.69643737
 0.65497024 0.60651578 0.53152253 0.5501277  0.49867214 0.47969229
 0.53139854 0.5024253  0.61786176 0.54880264 0.65774373 0.60650508
 0.58705812 0.50983662 0.55643569 0.40205849 0.56843038 0.47453493
 0.60591542 0.45992332 0.42387311 0.48001828 0.51282151 0.65174965
 0.60481348 0.63764967 0.44659018 0.31090711 0.23391646 0.19251968
 0.4842982  0.71725005 1.12253036 1.67242214 1.98511246 2.00914614
 0.57973174 0.        ],[0.604371   0.42336546 0.40280046 0.49641658 0.55844411 0.60140613
 0.66027729 0.65718306 0.58468883 0.62470047 0.53734967 0.55337711
 0.46292926 0.43826598 0.45750571 0.55724074 0.46406482 0.6298591
 0.55723906 0.47867634 0.52847328 0.46532463 0.73414366 0.59395532
 0.75268209 0.52788369 0.60622738 0.40694419 0.52605437 0.66881715
 0.70386136 0.55515389 0.37615115 0.37426004 0.42853635 0.57007481
 0.5501256  0.63556216 0.38005759 0.20334901 0.10474226 0.14688826
 0.1475388  0.35549786 0.5351778  0.9852148  1.58552177 1.55469614
 0.2933976  0.        ],[-0.03371913  0.65985408  0.80200847  0.59809198  0.59965815  0.46733298
  0.47134196  0.44820715  0.58448325  0.60696364  0.59348276  0.51783608
  0.45405313  0.40134169  0.41160194  0.50971636  0.39452613  0.47456065
  0.41635658  0.46981757  0.44275945  0.42187994  0.46423798  0.43690584
  0.51473485  0.48395932  0.58702688  0.55283629  0.5038914   0.4056282
  0.4054355   0.35273715  0.25213592  0.24356855  0.29948865  0.51847605
  0.62704636  0.52676519  0.42713426  0.34883585  0.17571576  0.17800165
  0.21881275  0.29558502  0.69737956  1.21044933  1.80627001  2.00299254
  0.37706118  0.        ],[0.12024381 0.67003983 0.81265608 0.65990659 0.56927311 0.56886638
 0.55103895 0.47785073 0.42325617 0.44309618 0.44712    0.43814546
 0.4906774  0.45734974 0.43459919 0.37180911 0.37965191 0.33618903
 0.34950787 0.22720185 0.28664421 0.42452976 0.54427615 0.55002001
 0.50936796 0.48169159 0.46491664 0.60260768 0.65339572 0.56151222
 0.5054568  0.24789058 0.19348549 0.13247317 0.2754963  0.37211122
 0.55990484 0.4443701  0.41482513 0.39137181 0.47022999 0.54837203
 0.71721927 1.0987942  1.50960718 2.17014742 2.82569447 2.8510434
 0.64346357 0.        ],[0.34241869 0.50801406 0.60411592 0.65826036 0.70775907 0.60834355
 0.55484753 0.55295586 0.49936004 0.52358235 0.48872125 0.43072202
 0.38731418 0.46657166 0.45405678 0.37844603 0.36746846 0.35880779
 0.27652451 0.29334638 0.55637935 0.51005289 0.34256283 0.4326122
 0.32570662 0.49151624 0.52328386 0.64257333 0.68315455 0.54305287
 0.4463494  0.26655437 0.30727301 0.31066481 0.39668063 0.51132787
 0.44864355 0.41134093 0.34303792 0.47751774 0.49906496 0.61488793
 0.84465299 1.19551829 1.62012218 2.25594394 2.96128145 2.99254327
 0.71039738 0.        ],[1.01015701 0.595697   0.48237788 0.52865382 0.38674651 0.43211869
 0.37071148 0.47917251 0.4154837  0.31066502 0.33298765 0.41510523
 0.36540935 0.53544023 0.4935684  0.59268192 0.54416973 0.466756
 0.34627378 0.3278458  0.4396849  0.48299418 0.4598505  0.3650289
 0.45472685 0.53928487 0.55557046 0.63760933 0.63104822 0.46856846
 0.40166871 0.1530912  0.27050624 0.36450416 0.49502251 0.51444549
 0.53523464 0.40079375 0.3272755  0.29441121 0.22604191 0.39790345
 0.44915588 0.61764633 1.09285268 1.62089609 2.30366136 2.4716459
 0.47110214 0.        ],[0.1754402  0.52118162 0.5595788  0.44655898 0.55721492 0.4667357
 0.56112007 0.489588   0.50356713 0.4420313  0.48950744 0.33704919
 0.44348215 0.33902589 0.48009054 0.46495966 0.53017228 0.39518948
 0.31079048 0.27111894 0.37947071 0.37846602 0.58950801 0.47654374
 0.50139591 0.44045037 0.5113897  0.47990369 0.59100492 0.55949496
 0.41293735 0.46087927 0.39468892 0.52127228 0.46873231 0.48957555
 0.46678423 0.28180803 0.26265776 0.35066739 0.30552821 0.19573681
 0.09916655 0.16150055 0.50961884 0.92985472 1.4906756  1.6665086
 0.52591749 0.        ],[ 0.68751602  0.53892377  0.41928331  0.32776785  0.29208338  0.39648883
  0.51765923  0.53238554  0.5192749   0.38625218  0.59142257  0.52212735
  0.45492374  0.36078197  0.5761353   0.48737864  0.67082592  0.54374892
  0.50833298  0.41188615  0.5398213   0.40974874  0.48989315  0.34813649
  0.38686118  0.21226072  0.55306073  0.60184942  0.42926201  0.29651867
  0.43249541  0.50320422  0.56935649  0.67225302  0.53896712  0.56885658
  0.50366286  0.43667008  0.39960878  0.34414049  0.41108966  0.56324076
  0.53690562  0.71588274  0.73997619  1.08324911  1.10727018  0.85843595
 -0.01380786  0.        ],[ 0.57484369  0.61788574  0.53893567  0.43697597  0.51233846  0.35464742
  0.36112651  0.29369012  0.39666512  0.44276953  0.56202235  0.55102272
  0.58370413  0.5596003   0.39294435  0.35681553  0.34331238  0.40222388
  0.3921128   0.39198945  0.47825601  0.53176397  0.52041059  0.45241722
  0.5293349   0.26292186  0.43101234  0.44198245  0.54246898  0.29358236
  0.40011364  0.32327293  0.53364818  0.51845515  0.5106426   0.42060875
  0.41440305  0.41366217  0.28396837  0.58068028  0.64853382  1.02474029
  1.11874366  1.19987972  0.91423529  0.60266793  0.01032364 -0.5398107
 -0.4203733   0.        ],[ 0.62893744  0.59133959  0.52637371  0.45218024  0.43083338  0.43590404
  0.36102471  0.29726335  0.36096103  0.46679484  0.60697226  0.55951392
  0.61218826  0.60459053  0.51926506  0.40382483  0.50802649  0.34171948
  0.45510577  0.32821463  0.63665466  0.54267902  0.60114148  0.51371688
  0.50526646  0.44898416  0.38814865  0.35254867  0.41776784  0.34723016
  0.52637914  0.58185595  0.60324049  0.56193889  0.59719907  0.42163031
  0.28383332  0.34354693  0.28605551  0.5509391   0.6731796   1.03538455
  1.00125304  0.78611936  0.56274641 -0.21839776 -1.03242115 -1.82916211
 -0.99730936  0.        ],[ 0.38122024  0.49279471  0.42223049  0.31187892  0.47079069  0.39707167
  0.58302346  0.39825273  0.57563219  0.40761291  0.60905697  0.48838752
  0.66984431  0.51166038  0.63865126  0.53836008  0.59667593  0.62619429
  0.59252468  0.55164624  0.58133048  0.51000366  0.41985785  0.35658775
  0.41081804  0.40871439  0.42296672  0.40477823  0.34506391  0.43708592
  0.40607573  0.53836016  0.60391758  0.56884749  0.4630002   0.37910217
  0.26266641  0.15782604  0.240195    0.39167775  0.63253959  0.73305881
  0.68681793  0.54083245  0.10134631 -0.69495846 -1.64157815 -2.50612651
 -1.35896244  0.        ],[ 0.21862151  0.27170047  0.3617756   0.40049676  0.23734141  0.38070918
  0.3900078   0.50558642  0.50727995  0.48302341  0.51670267  0.50599264
  0.57086215  0.57969796  0.61924423  0.61746345  0.63873005  0.59914242
  0.59121986  0.64402546  0.47434366  0.54025872  0.45865117  0.39983894
  0.42672776  0.34260119  0.39055355  0.31546959  0.4881835   0.52851141
  0.62292807  0.62003294  0.45876576  0.39283532  0.65157087  0.47101527
  0.56495663  0.40677833  0.52616141  0.61529157  0.9103368   1.02374355
  0.93958596  0.67531823  0.15610679 -0.74257919 -1.67201572 -2.42476845
 -1.18962138  0.        ],[ 0.8024452   0.54344068  0.4385748   0.44758517  0.44412431  0.44081542
  0.46725195  0.4183659   0.40548579  0.47958944  0.57123306  0.52703369
  0.53907431  0.54087595  0.5628999   0.69325937  0.56736039  0.6587317
  0.65232855  0.56377855  0.66338435  0.44572448  0.46100023  0.47844452
  0.63967621  0.60810303  0.57533079  0.42849495  0.53756292  0.66224502
  0.58134037  0.48411338  0.48461614  0.44751258  0.5526809   0.71492021
  0.68337703  0.49110429  0.52645114  0.80944453  1.04726302  1.26393555
  1.22013471  0.89233654  0.28222705 -0.68469956 -1.54613761 -2.05589978
 -0.50332905  0.        ],[ 0.86938183  0.49127554  0.40678762  0.51304978  0.52662375  0.58226377
  0.58150959  0.74467224  0.69514972  0.79535498  0.67231491  0.59655887
  0.49431727  0.60540747  0.61409385  0.74504088  0.47995928  0.5816738
  0.47107965  0.4266649   0.37314468  0.47577091  0.48078412  0.42355517
  0.50068785  0.51517593  0.47321113  0.66533953  0.65069473  0.66284737
  0.47368506  0.54188363  0.56566142  0.59409685  0.59842252  0.56011496
  0.38433929  0.53819484  0.49140225  0.85384721  1.05657589  1.20516454
  1.07558706  0.78742671  0.11177091 -0.71508277 -1.51680806 -1.57457704
  0.30494142  0.        ],[ 0.53794435  0.42605715  0.43980852  0.49065276  0.37369974  0.40235166
  0.39613805  0.55025311  0.3802099   0.62310148  0.47146309  0.63003107
  0.58014885  0.6265253   0.65067962  0.61944608  0.62330085  0.66254297
  0.41029478  0.53246025  0.46406277  0.50989164  0.599537    0.61283156
  0.53838613  0.52386929  0.39894122  0.47111528  0.39057231  0.51842096
  0.50582354  0.46353694  0.39547121  0.47823871  0.39954665  0.5645614
  0.42661773  0.55804717  0.49521265  0.49568435  0.78015041  0.76697122
  0.79306086  0.43430736 -0.20669979 -0.95751811 -1.72782781 -1.81834969
  0.03705682  0.        ],[ 0.45059023  0.53803291  0.47588754  0.36806686  0.44111077  0.37390641
  0.57174705  0.3787288   0.47851811  0.3899062   0.55795038  0.43431621
  0.58695313  0.49746639  0.45538258  0.43994628  0.53977592  0.46050753
  0.51814008  0.52584581  0.60381457  0.52291011  0.50686449  0.46013452
  0.57195902  0.68334336  0.68806882  0.66241712  0.54873054  0.60478483
  0.41710053  0.45789322  0.40889302  0.50616478  0.449542    0.44863245
  0.53908429  0.44684081  0.42849296  0.38868738  0.5687847   0.50160249
  0.55533578  0.21836529 -0.2284198  -0.95844116 -1.70618022 -1.70844928
  0.20350618  0.        ],[ 0.88014131  0.6115661   0.55854339  0.55442202  0.30122391  0.56926663
  0.45389163  0.59081784  0.47032458  0.58592293  0.53329165  0.66446551
  0.58934059  0.67354507  0.58091479  0.46614832  0.45195121  0.48370451
  0.47400114  0.5460622   0.50599032  0.52557215  0.61478821  0.47476849
  0.57229589  0.55797718  0.54240739  0.70089071  0.66310784  0.61945924
  0.58713281  0.68858918  0.7514907   0.62120945  0.70319893  0.45680904
  0.55545536  0.34824891  0.5732772   0.67118426  0.78611541  0.65944156
  0.65366689  0.40942785  0.15986495 -0.31832987 -0.76044717 -1.10211789
  0.25728024  0.        ],[ 1.24645779  0.57315239  0.31002883  0.35012285  0.37013339  0.41516218
  0.51419902  0.55159023  0.77668581  0.62234572  0.65778241  0.52851122
  0.48959698  0.40909221  0.40727411  0.2182428   0.42364582  0.48512035
  0.53477698  0.5372479   0.57148867  0.536044    0.51540424  0.49658008
  0.46298405  0.47821556  0.68009578  0.6288169   0.72710131  0.61727043
  0.60453727  0.50805955  0.64350396  0.54491181  0.70656708  0.6546658
  0.64726777  0.74627876  0.77507744  0.78468267  0.75723237  0.66569612
  0.85709815  0.92271442  1.08204334  0.94552547  0.88090192  0.39285876
 -0.17717758  0.        ],[0.53289474 0.31550019 0.21008277 0.27687228 0.50806823 0.30368239
 0.61538792 0.54999952 0.75899745 0.6698135  0.68787583 0.52694266
 0.54267822 0.44560916 0.61665715 0.51945957 0.61380387 0.67403203
 0.71736641 0.65247788 0.60942289 0.50633047 0.42302948 0.47078448
 0.49714397 0.47128614 0.53377905 0.59875779 0.62210999 0.56449938
 0.58070519 0.50082303 0.55430911 0.58130067 0.54952646 0.66651088
 0.84227606 0.7072515  0.74339478 0.50424453 0.23089175 0.24479948
 0.46604289 0.75430967 1.26573989 1.71709707 2.06350907 2.10376977
 0.6038157  0.        ],[0.20645935 0.3805257  0.44775989 0.39447601 0.27748632 0.44783356
 0.48108866 0.50714301 0.49064107 0.66270021 0.63986691 0.69355632
 0.61067684 0.57908635 0.45961809 0.55472146 0.37814665 0.528657
 0.61656843 0.59431468 0.56569845 0.68948424 0.63829509 0.75737901
 0.70045075 0.48503597 0.57197328 0.4988261  0.51110023 0.38854969
 0.5233047  0.52743674 0.58488613 0.53694794 0.5189583  0.51321297
 0.49791067 0.42962458 0.37031675 0.19497845 0.09050423 0.03677635
 0.30430822 0.72080559 1.06239665 1.46915528 1.83537749 2.02077125
 0.83529101 0.        ],[0.71235896 0.43233898 0.29209169 0.29450155 0.37141212 0.30007005
 0.49645138 0.43815251 0.52152832 0.44248912 0.49164947 0.51035052
 0.61636223 0.54200934 0.51209839 0.50257694 0.68710695 0.57777909
 0.54020335 0.55245706 0.58456178 0.61855273 0.52612751 0.53928833
 0.61524306 0.48665832 0.73399854 0.47488929 0.50804277 0.34258511
 0.41493244 0.32298996 0.45396339 0.53774821 0.67166108 0.71202871
 0.63593931 0.56905416 0.43885369 0.45012123 0.23824157 0.28649029
 0.34051246 0.54100978 0.70601217 0.61043723 0.45522154 0.16603471
 0.20532095 0.        ],[ 0.51642843  0.5488178   0.41266656  0.23543222  0.31233764  0.22221047
  0.33380415  0.33468423  0.59560329  0.43197434  0.5430827   0.34892948
  0.42646816  0.27251636  0.5228869   0.5059226   0.62285937  0.72639571
  0.75432806  0.79151346  0.69055928  0.61631427  0.56605558  0.45219479
  0.44960568  0.51418183  0.55663037  0.53707905  0.49464839  0.51196665
  0.53710109  0.38908712  0.56020725  0.51239569  0.64683514  0.62302956
  0.68394995  0.48168917  0.36028739  0.22281141  0.13139537  0.27997673
  0.45033786  0.54225635  0.52376504  0.37407041 -0.14318619 -0.59382645
 -0.34950117  0.        ],[ 0.54813503  0.48355403  0.46393356  0.40334103  0.17806518  0.30300976
  0.22977324  0.40535079  0.3346      0.45871162  0.4039703   0.44870756
  0.3536727   0.42782338  0.54342399  0.63599567  0.67038255  0.6670299
  0.61805665  0.62003486  0.72054755  0.7154342   0.59109535  0.66289515
  0.56178524  0.43484359  0.5207982   0.4307668   0.55098     0.64330134
  0.66216551  0.59673939  0.49130207  0.46525342  0.53073821  0.4552599
  0.62993088  0.38533517  0.47185822  0.42473573  0.54416736  0.68196321
  0.98649987  1.19265511  1.24362112  1.11161683  0.78720377  0.25369945
 -0.31021689  0.        ],[0.62637363 0.43935497 0.33088145 0.39207008 0.69473967 0.4631693
 0.54341665 0.40601115 0.46902653 0.36963531 0.43087213 0.37533273
 0.4568327  0.43529986 0.4736495  0.54751362 0.54067569 0.61270238
 0.46845747 0.46297018 0.34855975 0.40058382 0.47640665 0.53437036
 0.58083877 0.56557231 0.57715583 0.47518839 0.64502754 0.52871409
 0.61141193 0.5835162  0.72282033 0.59893708 0.6132756  0.54548663
 0.55839205 0.52238013 0.41543592 0.43559677 0.47928569 0.68625347
 0.90582249 1.06833536 1.28725675 1.43770391 1.75535912 1.70063109
 0.20601558 0.        ],[0.56770282 0.54612854 0.51532049 0.50043416 0.57760304 0.63354135
 0.50805282 0.37493846 0.33643966 0.31015039 0.45494964 0.56322556
 0.55044927 0.42245278 0.38754135 0.40916975 0.26236157 0.36537601
 0.38426431 0.46359165 0.37979032 0.30825282 0.43793677 0.50978275
 0.59416854 0.41870378 0.49796777 0.41727704 0.4936843  0.60093955
 0.61997865 0.7089212  0.72450431 0.63614136 0.61111423 0.59329381
 0.46851826 0.45768942 0.3194608  0.48509007 0.43701222 0.29838345
 0.11177652 0.22007103 0.32481856 0.74678965 1.31678543 1.72686085
 0.73146992 0.        ],[0.36622903 0.44857199 0.5309699  0.62969674 0.7078752  0.5248296
 0.49725917 0.41624368 0.35564102 0.27835117 0.34981251 0.49547226
 0.50141811 0.49345747 0.41470521 0.43010957 0.42140631 0.36489411
 0.30993731 0.39167293 0.48315506 0.56530668 0.46358431 0.49261038
 0.44664911 0.42156473 0.33298239 0.46161614 0.4748531  0.44708545
 0.5298121  0.56531957 0.56915574 0.49416155 0.70849082 0.69734281
 0.75186128 0.62361086 0.49260029 0.37975379 0.2645297  0.11850375
 0.08075642 0.01415372 0.19874106 0.63117874 1.32065273 1.77636654
 0.81947554 0.        ],[0.15567933 0.56000293 0.6503294  0.56744888 0.61553251 0.39209796
 0.50784124 0.38626005 0.52505342 0.39996634 0.57695157 0.483723
 0.5310142  0.46852109 0.49397636 0.41747686 0.47126889 0.35507249
 0.35988945 0.43945924 0.41668145 0.47061122 0.43996151 0.50005891
 0.42473946 0.52996054 0.54555756 0.59204019 0.6237469  0.48997565
 0.59041627 0.42561745 0.45756816 0.62020283 0.55671749 0.72373945
 0.65737855 0.78333789 0.74158368 0.61748781 0.5716133  0.66678636
 0.73321961 0.83177049 0.79914182 0.97792837 1.40921378 1.77233025
 0.51714946 0.        ],[0.0670054  0.30298403 0.53438518 0.65017943 0.42013045 0.41995228
 0.38530434 0.57068051 0.41840137 0.5325767  0.47113397 0.64852119
 0.49492618 0.43869516 0.31070734 0.33943393 0.29246044 0.4806222
 0.40647931 0.5203604  0.40124759 0.54454766 0.57599782 0.6367277
 0.69843319 0.66900782 0.73504522 0.66763919 0.602119   0.57540807
 0.53524574 0.43513455 0.40213673 0.36263334 0.43593721 0.46681541
 0.42892696 0.38316174 0.30259136 0.29722382 0.33795854 0.47473251
 0.75324613 1.08717211 1.06228479 1.34198831 1.67861561 1.81608243
 0.18279117 0.        ],[0.19413424 0.41410955 0.60265886 0.68438486 0.54082563 0.62032063
 0.44872812 0.48940464 0.35651961 0.46279472 0.33982963 0.425615
 0.34612583 0.49955348 0.47238698 0.5529964  0.60144137 0.70741429
 0.55476309 0.53405366 0.40171761 0.37214362 0.47083804 0.5349428
 0.65034485 0.64688109 0.61454686 0.58014324 0.54544647 0.52359422
 0.50441327 0.56390154 0.57954752 0.47980351 0.47900369 0.46296839
 0.51704909 0.37052241 0.43939874 0.38836605 0.47360205 0.76826827
 1.03779174 1.25121287 1.25377275 1.42497732 1.691389   1.68186297
 0.11197836 0.        ],[0.39057887 0.59933347 0.55430609 0.43526269 0.6319348  0.4772713
 0.60249931 0.54516475 0.71815023 0.412081   0.51585485 0.389837
 0.55274836 0.47710952 0.49715939 0.45603069 0.5004436  0.56104266
 0.55411729 0.35550936 0.23001661 0.19458098 0.30330024 0.53758286
 0.52293402 0.53572771 0.3664926  0.4791433  0.37431954 0.54131245
 0.5981633  0.74019999 0.5298002  0.36492689 0.48069634 0.49844917
 0.47656531 0.35967384 0.30521399 0.34792777 0.50168063 0.63525778
 0.90148379 0.99862872 0.90672187 0.82318499 0.8326748  1.22338867
 0.41860698 0.        ],[-0.14953067  0.34974868  0.6063435   0.60208968  0.3964778   0.49298639
  0.51188507  0.59398582  0.41458976  0.56606519  0.47028365  0.50963398
  0.36874334  0.50781336  0.58007505  0.52417151  0.57778212  0.57223393
  0.54003691  0.54384345  0.47040586  0.37571922  0.2196261   0.42164378
  0.56470154  0.55337061  0.38480754  0.37848609  0.41990047  0.5003695
  0.48171623  0.56577638  0.54653663  0.43705051  0.51133282  0.49603893
  0.44275433  0.26301354  0.32768435  0.27549016  0.26868307  0.31635802
  0.44171796  0.31309599 -0.06412878 -0.34094748 -0.6282629  -0.43482634
  0.44484841  0.        ],[ 0.19020412  0.39010596  0.47168997  0.48607863  0.54864954  0.51006962
  0.5418718   0.47915709  0.44255589  0.40492383  0.48883172  0.49693388
  0.43793546  0.62369734  0.43819555  0.50364892  0.46982126  0.46403435
  0.44682419  0.48545095  0.47308161  0.40903863  0.38976215  0.36457957
  0.52796255  0.51099399  0.51761708  0.62358233  0.57434821  0.57554482
  0.46496393  0.60957569  0.47245233  0.59509447  0.5158366   0.55434828
  0.46072461  0.50419151  0.4461505   0.52794351  0.57770927  0.61125344
  0.43134944  0.3306877  -0.09197601 -0.86253224 -1.52258536 -1.84834807
 -0.54624076  0.        ],[ 0.7172714   0.36251807  0.37572924  0.58853262  0.5390779   0.55145657
  0.51445061  0.50039941  0.28860453  0.50664222  0.3945947   0.45472485
  0.40990355  0.5078099   0.48269568  0.4008892   0.27876499  0.23943242
  0.30212002  0.47849083  0.53384306  0.69602979  0.63185113  0.67734587
  0.49531259  0.51881495  0.37032923  0.47981269  0.42085851  0.55875549
  0.61318654  0.65271605  0.66546277  0.87708325  0.82707224  0.79504948
  0.77619499  0.69889179  0.56073022  0.74449669  0.72388206  0.98768504
  0.92055284  0.67077522  0.10875637 -0.65467462 -1.49598684 -2.05951158
 -0.66285182  0.        ],[ 0.77774847  0.29143843  0.37932273  0.70842477  0.44780565  0.47917536
  0.19159905  0.52156303  0.29771755  0.55174909  0.39584222  0.71258841
  0.42931131  0.66525155  0.32730725  0.39839751  0.26093555  0.52454424
  0.51324398  0.68635619  0.6445515   0.64587333  0.49872906  0.59825448
  0.27287533  0.38661036  0.12721723  0.44917998  0.36428604  0.54600935
  0.54055882  0.60278098  0.54046267  0.68525486  0.71930122  0.68437601
  0.64854773  0.47876563  0.24712602  0.36183897  0.52046915  0.85413005
  0.87101992  0.71808964  0.13810466 -0.52835007 -1.53738082 -1.94694939
 -0.26738688  0.        ],[ 0.39399894  0.45497379  0.63913907  0.80101357  0.5942902   0.54236497
  0.37471101  0.5227333   0.45835712  0.54974609  0.34225626  0.5314541
  0.2747514   0.56502552  0.23737424  0.63617005  0.43819239  0.77587966
  0.54142515  0.83189811  0.59524304  0.66009512  0.34923895  0.49779971
  0.32296213  0.44146113  0.43031415  0.59368406  0.6483671   0.80776878
  0.53504367  0.53841541  0.32174676  0.4829825   0.60982285  0.63818785
  0.42851362  0.45887424  0.34659616  0.51502115  0.62381433  0.99101059
  1.13611929  1.02723809  0.54023976 -0.3214025  -1.36175071 -2.10419779
 -0.72060307  0.        ],[-0.06046626  0.42892744  0.70006613  0.69774536  0.39451909  0.45157748
  0.45421355  0.62756988  0.55273883  0.68593352  0.56845254  0.53283368
  0.23611696  0.32641481  0.10447856  0.51391284  0.50487871  0.90261444
  0.83367842  0.9133633   0.62219507  0.3979865   0.06469785  0.06959413
  0.17139394  0.42942735  0.56899748  0.7289917   0.79647226  0.70127906
  0.6251879   0.50769161  0.43611507  0.44750383  0.45151236  0.4619305
  0.30703538  0.28894388  0.12941408  0.24790287  0.43640163  0.58149722
  0.80353885  0.70124347  0.28180878 -0.42099019 -1.39085023 -2.30614486
 -0.8943369   0.        ],[ 0.28069882  0.53544019  0.62343098  0.54111485  0.37086252  0.4474928
  0.40649904  0.54181152  0.54447037  0.59739823  0.5687097   0.46849529
  0.36981812  0.15871007  0.34616891  0.47624125  0.76913458  0.92849927
  0.96625924  0.93817413  0.57908255  0.12808053 -0.06781433  0.04024764
  0.41563364  0.79810751  1.06358719  1.13558391  0.8837546   0.69332916
  0.37102056  0.37848451  0.26819046  0.28173532  0.28443377  0.43915
  0.4290667   0.42229942  0.47738513  0.57433768  0.7483329   0.91823852
  1.02583143  0.88913852  0.5374564  -0.21208237 -1.27048395 -2.20003523
 -0.98207435  0.        ],[ 2.24891445e-01  5.07148136e-01  5.02479257e-01  2.94201296e-01
  9.12612325e-02 -5.29581256e-02  4.20060647e-01  4.07029345e-01
  6.32781388e-01  5.88519681e-01  8.66621315e-01  4.04089726e-01
  2.42000968e-01 -1.58185801e-01  7.50026871e-04  4.66688593e-01
  9.04440255e-01  7.73919190e-01  9.76048467e-01  7.37648187e-01
  4.52930754e-01 -1.10743327e-01 -2.61626759e-01  1.76781537e-01
  9.04014230e-01  1.26800446e+00  1.32388270e+00  1.00957922e+00
  6.26239113e-01  3.28066243e-01  2.12784655e-01  1.32939876e-01
  1.72024907e-01  1.55243534e-01  3.58134038e-01  7.60765621e-01
  7.38106435e-01  6.43595284e-01  4.66335801e-01  7.09663819e-01
  1.02533164e+00  1.14119765e+00  1.29009492e+00  1.22102519e+00
  8.11513997e-01  4.70126691e-02 -1.05463302e+00 -2.18182900e+00
 -1.04783036e+00  0.00000000e+00],[0. 0. 0. 0. 0. 0. 0. 0. 0. 0. 0. 0. 0. 0. 0. 0. 0. 0. 0. 0. 0. 0. 0. 0.
 0. 0. 0. 0. 0. 0. 0. 0. 0. 0. 0. 0. 0. 0. 0. 0. 0. 0. 0. 0. 0. 0. 0. 0.
 0. 0.],