[-1.89977429e-04  1.90317374e-01  5.02389896e-01  6.19654451e-01
  1.50913977e-02  6.48942223e-02 -9.58097053e-02 -2.81218723e-02
 -2.86524112e-02  0.00000000e+00],[0.64137617 0.38040862 0.36988405 0.68298053 0.7197144  0.28924236
 0.4234121  0.3992992  0.12228191 0.        ],[0.76607011 0.22731471 0.35780437 0.70832473 0.79257891 0.50058087
 0.63112643 0.71444904 0.47031392 0.        ],[0.61013426 0.30891164 0.48045634 0.76796359 0.72441137 0.4641826
 0.47385107 0.76061028 0.67749827 0.        ],[0.72292814 0.26527875 0.47064141 0.78268339 0.66745305 0.45627602
 0.09356031 0.1920848  0.11856273 0.        ],[ 1.22201109e+00  2.92491528e-02  1.65110274e-01  8.90147962e-01
  5.14683324e-01  5.35699299e-01  2.04223459e-01 -3.30167632e-02
 -9.35572385e-04  0.00000000e+00],[ 1.01429589 -0.05412904  0.18274575  0.87232984  0.39427876  0.31877915
  0.17448634  0.047136    0.0204826   0.        ],[ 6.18964077e-01  1.22726713e-01  2.25147213e-01  4.87210238e-01
  1.50883887e-01  9.24099059e-02  1.11021551e-02 -7.12334794e-03
 -1.54133364e-04  0.00000000e+00],[0.34229476 0.10930015 0.35280636 0.61630753 0.09677078 0.03390941
 0.01083486 0.00164196 0.00239259 0.        ],[0. 0. 0. 0. 0. 0. 0. 0. 0. 0.],