[ 1.57783469 -0.03225941  0.08475267  1.04100233  0.83350965  1.04718414
  0.73440462  0.7266437   1.59617653  0.84136655  0.61887205  1.62924741
  1.00598244  0.07553873  0.27622589  0.36579465  1.00878735  0.7731139
  0.54573364  0.        ],[-0.11931653  0.41434868  0.5011392   0.58600586  0.47339341  0.40315194
  0.20910452  0.21271441  0.29102266  0.59152284  0.60347868  0.46889488
  0.55668896  0.65710031  0.47815488  0.29870864  0.54665498  0.5716603
  0.4814463   0.        ],[-0.57346185  0.66356948  0.72143852  0.60907529  0.60505286  0.33951297
  0.3733435   0.58366     0.4231942   0.53476211  0.65139086  0.57531661
  0.63197841  0.76692383  0.45416255  0.32440381  0.43190762  0.52031814
  0.55409519  0.        ],[-0.26652928  0.72937267  0.59040915  0.27220971  0.3441152   0.47374662
  0.30247929  0.49860051  0.49992767  0.50449492  0.3573892   0.29764026
  0.44997329  0.31604888  0.26339774  0.51030262  0.58846658  0.55551417
  0.61289792  0.        ],[-0.28159585  0.68611565  0.41645556  0.38293297  0.52630716  0.56365972
  0.37141641  0.46276412  0.46610182  0.24492686  0.10728794  0.14273679
  0.30691101  0.22884068  0.32181602  0.43576435  0.65878885  0.51533281
  0.36972375  0.        ],[0.11152591 0.63652314 0.63860426 0.67802367 0.5888479  0.4350051
 0.19690341 0.23925983 0.52442182 0.28166495 0.18492505 0.21811386
 0.48088766 0.52397136 0.43830306 0.37770316 0.52965208 0.37857996
 0.40870569 0.        ],[0.88531774 0.56800815 0.3228591  0.55160529 0.52518959 0.35271348
 0.21186222 0.19764318 0.45435868 0.31962777 0.52214348 0.48729837
 0.469488   0.6531848  0.74358758 0.51803642 0.40087713 0.18621131
 0.23328339 0.        ],[0.70352256 0.6915429  0.40269137 0.44814677 0.50905382 0.45022625
 0.28087552 0.18426331 0.29518131 0.31112191 0.44401776 0.43583801
 0.48478536 0.47625695 0.72921423 0.67953448 0.64702293 0.45051756
 0.49191348 0.        ],[1.02875758 0.7412435  0.7475144  0.65486589 0.5207157  0.68915509
 0.66036761 0.54984727 0.46706944 0.31356251 0.35369835 0.39806984
 0.37079772 0.42194712 0.50246871 0.46352461 0.60919376 0.85008635
 0.8357277  0.        ],[0.98344147 0.70834331 0.5966448  0.56463519 0.33468843 0.62582972
 0.55600071 0.64451499 0.68605832 0.47565948 0.38382473 0.46117378
 0.50814698 0.62845189 0.42339083 0.55329466 0.61460369 0.7258081
 0.60587074 0.        ],[0.96142103 0.67601913 0.65101593 0.55990372 0.31709839 0.39621612
 0.49893065 0.3155765  0.38444435 0.49846438 0.55938728 0.62060068
 0.64605987 0.77230787 0.71866315 0.54179639 0.36683705 0.32378032
 0.03462807 0.        ],[ 1.21081892  0.4532008   0.50368398  0.54694951  0.33221339  0.35764904
  0.43041398  0.36545857  0.36310034  0.59753631  0.39644023  0.39293522
  0.67885256  0.83893338  0.6288938   0.23615842  0.01508521  0.1860283
 -0.02115915  0.        ],[1.41705215 0.42455334 0.46230129 0.33600257 0.29432176 0.58944069
 0.78358195 0.62812622 0.38746345 0.47136651 0.34940931 0.4221142
 0.69074062 0.78935023 0.67888727 0.30183979 0.18775417 0.22205987
 0.07163658 0.        ],[ 0.24829156  0.49993103  0.30507439  0.50091273  0.38308598  0.44301084
  0.77159655  0.64879971  0.50086168  0.6259322   0.52112859  0.36317505
  0.43403571  0.6694415   0.80952789  0.67944404  0.10026249 -0.04548475
 -0.13829343  0.        ],[ 0.43110146  0.29403744  0.16468668  0.23825928  0.32852723  0.44529613
  0.63576624  0.64937353  0.50582885  0.45077351  0.46050743  0.50571971
  0.42207685  0.49302122  0.60156413  0.52235552  0.14498953 -0.08966103
 -0.04039595  0.        ],[1.04378231 0.6050478  0.46081603 0.33988444 0.30628304 0.53493387
 0.6134194  0.4339154  0.43250903 0.35567743 0.33340265 0.60193643
 0.59646371 0.4707114  0.2640062  0.36596677 0.55895814 0.43895281
 0.05696259 0.        ],[0.76582494 0.74524683 0.59014297 0.39645571 0.54512795 0.67323143
 0.73702697 0.5666919  0.5689977  0.47177542 0.53643196 0.58367093
 0.60735228 0.52707658 0.17346299 0.33168676 0.51930418 0.29815917
 0.02502468 0.        ],[0.17161929 0.59247503 0.6837588  0.5659859  0.52670352 0.5622191
 0.65731938 0.47494866 0.66711606 0.34536086 0.2566195  0.21865574
 0.29866457 0.54124833 0.4823282  0.44197503 0.25551954 0.20622518
 0.20456582 0.        ],[0.30344079 0.53770265 0.60173447 0.53631487 0.42313067 0.37987003
 0.59382554 0.48297997 0.54859319 0.32916886 0.32009989 0.38776722
 0.47150311 0.30862396 0.27340227 0.2469076  0.12638489 0.09959726
 0.04152969 0.        ],[0. 0. 0. 0. 0. 0. 0. 0. 0. 0. 0. 0. 0. 0. 0. 0. 0. 0. 0. 0.],