[ 1.31837219e-04  7.22579536e-02  2.36971308e-01  3.24033092e-01
  3.45508366e-02  2.04109185e-02 -9.27053971e-03 -1.85714583e-02
 -9.48120398e-03  0.00000000e+00],[0.62970923 0.61862268 0.47649562 0.39563336 0.61505231 0.66292423
 0.39142755 0.19398559 0.50758598 0.        ],[0.62184818 0.54876159 0.32490254 0.2535531  0.57176744 0.80586415
 0.67162058 0.38511138 0.60688801 0.        ],[0.47305527 0.32403562 0.34653386 0.30050256 0.29057643 0.63634977
 0.66819416 0.46374642 0.40579959 0.        ],[1.01480315 0.06756935 0.18148704 0.50580796 0.34997878 0.48532673
 0.11573616 0.18400828 0.07852861 0.        ],[ 0.76775048  0.21652641  0.21022363  0.6137548   0.54309406  0.37233606
  0.13883844 -0.11618711 -0.02286195  0.        ],[ 0.3869756   0.43157794  0.51182567  0.61988252  0.55696658  0.49279207
  0.11237976 -0.03987527 -0.0066961   0.        ],[ 7.64342992e-01  1.24134141e-01  5.36495078e-01  1.15087478e+00
  4.95469051e-01  3.81217167e-01  7.05230275e-02 -3.76493500e-03
 -3.69759623e-04  0.00000000e+00],[ 3.25296304e-01  1.97216991e-01  6.05854005e-01  9.28186788e-01
  6.06275568e-02 -2.75846228e-02  2.35714922e-03 -7.89039935e-04
 -5.74864828e-04  0.00000000e+00],[0. 0. 0. 0. 0. 0. 0. 0. 0. 0.],