[-0.43041397  0.55562439  0.76227293  0.46986913  0.46393859  0.30349506
  0.07169841  0.04371613  0.43638666  0.11886222  0.26307657  0.79148987
  0.80756105  1.02133612  0.91850255  0.41740947 -0.02327732  0.53285476
  0.79859106  0.38789369  0.28551748  0.43403399  0.58805859  0.73728227
  0.23056299  0.24758002  0.65337437  0.31737035  0.16640243  0.88647519
  1.16301313  0.65605588  0.49470993  0.14264337  0.54427847  0.3449092
  0.29594837 -0.02755445  0.51666737  0.21056812  0.14176558 -0.04478864
 -0.07262613  0.44328298  1.15809941  1.07893612  0.48256801  0.32520181
  0.3714181   0.        ],[0.4049752  0.55100699 0.60435319 0.61494283 0.67657043 0.53216744
 0.39802597 0.51810569 0.39969298 0.50648896 0.42243052 0.49971933
 0.41033596 0.54061664 0.76528714 0.61288842 0.65217141 0.64269873
 0.70481852 0.60247716 0.4481104  0.41473655 0.28064853 0.45279469
 0.44160949 0.48654016 0.64773611 0.48099537 0.4027371  0.56060588
 0.54475387 0.53185575 0.62645774 0.45799465 0.59555969 0.67798914
 0.59941932 0.44988163 0.38008952 0.49813335 0.37416668 0.54405273
 0.45646968 0.37850753 0.71086081 0.69662275 0.35513961 0.36594468
 0.50563169 0.        ],[0.69167107 0.60213797 0.60569722 0.67063673 0.67554058 0.53871651
 0.3793174  0.50995898 0.29236581 0.42078589 0.39961489 0.45315084
 0.26993606 0.27825677 0.5147746  0.65601367 0.80553343 0.67940814
 0.68660841 0.70537601 0.48800146 0.40721504 0.29026331 0.51323859
 0.64326446 0.53906659 0.65101865 0.58173731 0.45310417 0.30930732
 0.41733477 0.59147223 0.72265932 0.58703209 0.61780823 0.71360811
 0.54025782 0.5941638  0.38045523 0.59264475 0.42921104 0.62228468
 0.53279082 0.33987795 0.55553854 0.58069573 0.34880456 0.42074491
 0.58743627 0.        ],[0.71612283 0.66011036 0.61778853 0.57077067 0.47236545 0.37460719
 0.25345884 0.25726839 0.18776034 0.17682675 0.34284023 0.53460844
 0.35843073 0.22574721 0.33996946 0.61536164 0.60052656 0.62446423
 0.67204237 0.70387128 0.48156394 0.41353714 0.46622391 0.75677136
 0.71675639 0.5019373  0.68589826 0.59231874 0.40122475 0.1768669
 0.55277638 0.73350096 0.74024321 0.59911664 0.60284886 0.5208922
 0.33196869 0.53664503 0.48145925 0.48606996 0.32962707 0.34107107
 0.35436141 0.38572262 0.65492312 0.67013825 0.40060442 0.40576246
 0.5329594  0.        ],[1.03573573 0.57657554 0.3394019  0.26797589 0.20770813 0.30804318
 0.64380874 0.4322005  0.30209139 0.56782776 0.60032512 0.4231641
 0.53464255 0.37989269 0.65944412 0.70564744 0.54766193 0.47768607
 0.52380005 0.58840029 0.58703345 0.47329269 0.37222331 0.63428818
 0.4540496  0.61317272 0.70315175 0.45413281 0.43640131 0.29863972
 0.33204832 0.6766585  0.62456984 0.61441079 0.54484477 0.34238996
 0.52066484 0.63997929 0.50833188 0.21607256 0.18011832 0.18688955
 0.43509598 0.55897681 0.76580429 0.75976068 0.40801354 0.25323455
 0.21212678 0.        ],[0.36854089 0.49525357 0.507908   0.41000214 0.30952998 0.5495774
 0.71462532 0.54854315 0.42566819 0.5603442  0.56553042 0.35685883
 0.52051548 0.58716678 0.6912528  0.80628578 0.55613142 0.49675364
 0.64358909 0.45324265 0.47386078 0.61181073 0.3455003  0.36476379
 0.57894545 0.52831493 0.39914218 0.40058932 0.29622784 0.44111172
 0.29281956 0.64657957 0.66228623 0.43704007 0.55655131 0.37574659
 0.47474996 0.66905758 0.32863251 0.19075358 0.24126854 0.2457994
 0.31754302 0.35743833 0.45146093 0.70817704 0.57541071 0.53504629
 0.2356639  0.        ],[-0.09785947  0.53979219  0.64085352  0.41725808  0.45708158  0.40052885
  0.43502253  0.58307471  0.4872967   0.50728339  0.45549736  0.31040334
  0.41414092  0.44885265  0.50070165  0.70451454  0.49549437  0.52968627
  0.77194302  0.64140594  0.36427039  0.58349279  0.58715246  0.66244087
  0.52281611  0.310153    0.4996358   0.55315304  0.29674406  0.40775704
  0.37956021  0.57504435  0.43593655  0.61748698  0.54104878  0.57849813
  0.39802524  0.71455979  0.4026005   0.43035058  0.57307954  0.5294411
  0.31399138  0.42874711  0.34656532  0.49494434  0.33173533  0.29575557
  0.30019906  0.        ],[0.21370731 0.42232309 0.4103737  0.35220083 0.58994563 0.4027491
 0.59945425 0.49249992 0.71351711 0.6056989  0.53166468 0.49637018
 0.25379104 0.3020781  0.44446185 0.57958    0.61466743 0.55378531
 0.55478605 0.45103647 0.29178476 0.60972902 0.68070449 0.69359384
 0.41328512 0.27550082 0.7436053  0.72495227 0.42072267 0.46238312
 0.46245697 0.46000809 0.32039387 0.57647094 0.35206336 0.26110007
 0.29366196 0.77668162 0.71333605 0.56911565 0.51757443 0.62361784
 0.47586401 0.72806376 0.57216518 0.62116968 0.36948894 0.48029208
 0.62329272 0.        ],[0.52821015 0.30811081 0.25935109 0.40037964 0.66222599 0.56355409
 0.52990594 0.34321588 0.63855823 0.55210275 0.54773864 0.45672868
 0.31736522 0.51197568 0.4706308  0.48611605 0.56197575 0.37403024
 0.39020971 0.58264932 0.36274054 0.4556903  0.51232129 0.43905872
 0.54948427 0.33703676 0.62079927 0.46589044 0.29352415 0.39138919
 0.7140067  0.62191424 0.63967694 0.78804371 0.65979057 0.28200411
 0.29413277 0.64978741 0.53597146 0.54332225 0.45081128 0.5995705
 0.72420941 0.76963268 0.45379743 0.67964668 0.44589189 0.56786905
 0.72918865 0.        ],[0.23630044 0.39432415 0.44076691 0.41178825 0.40186065 0.42779959
 0.65540375 0.53036243 0.53789171 0.50232555 0.41600243 0.43497555
 0.54774723 0.53288306 0.28005073 0.2666926  0.67223501 0.61957258
 0.3433709  0.40920981 0.25278067 0.22833696 0.38508669 0.43640328
 0.64172535 0.52355047 0.40859455 0.45292514 0.55271989 0.55431362
 0.73258714 0.74131214 0.80019946 0.77101609 0.64587033 0.32631655
 0.18372099 0.38571992 0.63451756 0.64689181 0.61848403 0.44551675
 0.72215417 0.73659345 0.56692774 0.63822112 0.64030192 0.40175731
 0.55099934 0.        ],[0.49346993 0.36383106 0.32873909 0.38819141 0.53944745 0.63813522
 0.5276057  0.5688815  0.59937775 0.58819855 0.30716216 0.33960594
 0.68043302 0.76918426 0.48958896 0.27533276 0.48971187 0.54461296
 0.3813085  0.29453404 0.40195486 0.46588683 0.62696201 0.62541126
 0.69623902 0.52615242 0.44814799 0.3686875  0.35887247 0.4783593
 0.44240353 0.34607774 0.56117949 0.46534054 0.56336245 0.4883431
 0.42586737 0.67140606 0.76862272 0.74206937 0.70794494 0.62828467
 0.724759   0.66833416 0.56854636 0.53597615 0.55505911 0.64612594
 0.71238583 0.        ],[0.5725777  0.37100654 0.26123351 0.3212361  0.65338516 0.52461947
 0.22078808 0.30099527 0.40953791 0.46522515 0.40160469 0.57222099
 0.76100185 0.75577724 0.71889042 0.61974373 0.46358442 0.63765178
 0.41313546 0.2803486  0.32908105 0.67428364 0.74954851 0.78459587
 0.79887753 0.75029495 0.70092993 0.76482848 0.69718348 0.72916186
 0.6136742  0.41589609 0.69413197 0.43282581 0.23226333 0.29612064
 0.57131264 0.75460445 0.65264135 0.62503596 0.6590777  0.73567736
 0.5595391  0.34410569 0.44362952 0.62027885 0.37983468 0.42404235
 0.67784679 0.        ],[0.6071879  0.4269295  0.40361769 0.53354974 0.69122692 0.44131415
 0.21923633 0.33855744 0.47549226 0.72959229 0.66213416 0.69947467
 0.5094844  0.69596024 0.75162214 0.6040859  0.54164888 0.55252171
 0.55241263 0.44820605 0.26646729 0.49369573 0.4350054  0.5054418
 0.60917583 0.55664312 0.6032056  0.79168163 0.68243103 0.49944859
 0.54540662 0.73996011 0.76782375 0.59329295 0.35087051 0.18941846
 0.30080617 0.66284099 0.64016905 0.36083741 0.69958373 0.83325465
 0.63724345 0.45938977 0.52495226 0.48884737 0.31700201 0.61920687
 0.74635755 0.        ],[-0.03832503  0.66543325  0.81037117  0.56374096  0.47742192  0.53548608
  0.39130777  0.36406597  0.4452213   0.70964436  0.60550214  0.6096054
  0.41470534  0.53363049  0.45907161  0.30302524  0.54914455  0.48216288
  0.29720531  0.28138175  0.33361421  0.37214549  0.37862078  0.494826
  0.49532101  0.58425883  0.42901933  0.62983059  0.65791949  0.52127056
  0.40303503  0.61339525  0.43760605  0.43447388  0.48611539  0.19233931
  0.25161264  0.37705188  0.26958745  0.21332487  0.52218829  0.66902531
  0.80326873  0.65634375  0.57579424  0.41702862  0.438371    0.70190036
  0.80339068  0.        ],[0.11621852 0.67534315 0.82006851 0.6595659  0.49421675 0.28580262
 0.3215523  0.47205185 0.65538914 0.53325195 0.59020389 0.62571564
 0.48506031 0.36054376 0.42997307 0.42790694 0.53836265 0.33081567
 0.26744167 0.29527681 0.25319591 0.25975747 0.47868314 0.57271347
 0.37792864 0.29325558 0.41059762 0.56306615 0.57037023 0.33572748
 0.34808365 0.58744923 0.49916408 0.25033614 0.28886387 0.25046653
 0.39391715 0.54283452 0.33493522 0.33978066 0.49059357 0.40635472
 0.66053551 0.51234092 0.35177694 0.34893361 0.48631798 0.56515977
 0.49234758 0.        ],[0.34523855 0.51087582 0.6049079  0.66358744 0.66123418 0.28204396
 0.3826697  0.70701233 0.76466576 0.48343422 0.42887894 0.31368691
 0.55757359 0.55909603 0.4282164  0.51600616 0.41423495 0.49429515
 0.38152832 0.50320392 0.62032127 0.51092725 0.33455239 0.26090953
 0.25623909 0.30641692 0.44603556 0.68589874 0.59130827 0.54221807
 0.66951166 0.7434573  0.51013283 0.25031298 0.23846997 0.35669807
 0.57788373 0.41342263 0.22394316 0.28410076 0.49490541 0.57107324
 0.57444411 0.64179502 0.7239343  0.57781544 0.55060164 0.52883538
 0.41197885 0.        ],[1.01409226 0.60060513 0.48369039 0.57961458 0.5955486  0.46198301
 0.42500586 0.60530497 0.74922048 0.60559696 0.25387471 0.29243155
 0.49097438 0.68819749 0.53451724 0.32271584 0.28674483 0.28320544
 0.23902271 0.31783433 0.35959061 0.43944981 0.53696455 0.26148722
 0.37040429 0.47359758 0.66814874 0.64685683 0.56081931 0.44677528
 0.48228512 0.57351472 0.6192597  0.51928445 0.51614121 0.28336714
 0.53917786 0.62548031 0.26868293 0.2558086  0.32860015 0.48458105
 0.7313147  0.63033246 0.71358055 0.62481988 0.56935514 0.72030757
 0.60123826 0.        ],[0.17355602 0.5260577  0.56175595 0.42561133 0.54985188 0.66424028
 0.57863648 0.58131289 0.49516731 0.43006225 0.28220349 0.54772484
 0.5377185  0.54549685 0.55580845 0.51003395 0.45209198 0.57321327
 0.36875998 0.50943755 0.59589456 0.41955737 0.32447481 0.33512216
 0.27305811 0.3849325  0.59942084 0.35875406 0.35714225 0.30372413
 0.25405024 0.3578342  0.56124643 0.67078268 0.44984971 0.20380795
 0.40521455 0.508712   0.28704662 0.42167236 0.59329386 0.37990164
 0.55345554 0.40443432 0.44673782 0.54534373 0.45481153 0.68279752
 0.62023539 0.        ],[0.68535164 0.54468479 0.42169852 0.38833399 0.60960632 0.61135201
 0.30423335 0.3522379  0.33803394 0.25815172 0.3304044  0.45309226
 0.45819179 0.40605038 0.28768763 0.31938025 0.42202711 0.50577558
 0.38644168 0.43372954 0.534629   0.50927703 0.2830542  0.56215344
 0.46849589 0.36747311 0.3608307  0.52803713 0.67305931 0.37042735
 0.40292499 0.64881279 0.69603753 0.63875568 0.28840991 0.19144043
 0.31556006 0.35496881 0.55379353 0.68008231 0.79135939 0.48497199
 0.3516504  0.4297771  0.37740767 0.36198693 0.51795984 0.79163273
 0.77349626 0.        ],[0.57289915 0.62316607 0.54171823 0.39781738 0.3955915  0.37892077
 0.26331622 0.28664356 0.31007491 0.46202854 0.36826991 0.54220978
 0.66354663 0.64545943 0.42740848 0.35929659 0.53402746 0.46950212
 0.5102847  0.30153493 0.37030104 0.44198809 0.25277977 0.4487459
 0.35699474 0.34626491 0.26424441 0.42790388 0.6787975  0.30193738
 0.27441724 0.46960588 0.42193714 0.70830688 0.55278353 0.36987721
 0.51162602 0.39665241 0.45174943 0.76292375 0.82283159 0.60892245
 0.45328544 0.29582405 0.24850897 0.26436123 0.56540322 0.74630057
 0.76338763 0.        ],[0.62694468 0.59613627 0.5294994  0.45220011 0.49384628 0.63805815
 0.36677213 0.29555394 0.6108613  0.61925928 0.63381678 0.32771613
 0.48887907 0.74184195 0.53195343 0.47875696 0.40885845 0.66680667
 0.72668483 0.32669566 0.40655802 0.61632095 0.38573846 0.48807432
 0.30661501 0.22120176 0.35072869 0.30111344 0.39818965 0.33354111
 0.4677761  0.45448298 0.39577949 0.65782771 0.6455694  0.42705233
 0.36350746 0.30702753 0.55397552 0.7929581  0.56911764 0.45851069
 0.60463042 0.44018859 0.31784689 0.34023055 0.64407106 0.70197347
 0.42748182 0.        ],[0.37384676 0.49711273 0.42386603 0.2789718  0.48381523 0.78937411
 0.5854827  0.54798452 0.51282432 0.66238349 0.64959663 0.34207247
 0.46333759 0.65921259 0.40876333 0.62416117 0.66469771 0.79038805
 0.71715266 0.43934786 0.5517685  0.60277831 0.69446646 0.45640065
 0.38762165 0.36714175 0.59512394 0.59101974 0.36261395 0.35480583
 0.46739697 0.42872815 0.40682336 0.54128509 0.40937818 0.64900298
 0.51851698 0.4975331  0.45310248 0.69377214 0.48265036 0.38550876
 0.40638018 0.46139605 0.37254627 0.48875267 0.52510231 0.41103079
 0.20781887 0.        ],[0.22151799 0.27183262 0.35982824 0.45972252 0.54816716 0.73839792
 0.66740681 0.64369931 0.34411215 0.59458856 0.72257468 0.55538459
 0.55768894 0.51612904 0.43420586 0.63716392 0.74907339 0.60091698
 0.47633675 0.337157   0.56783672 0.41181356 0.66156155 0.52476028
 0.30722745 0.40334133 0.63819876 0.72793077 0.51226699 0.28384608
 0.35181725 0.42571588 0.53494416 0.41486861 0.47223906 0.66828025
 0.40427881 0.47924032 0.59974705 0.57843664 0.56935426 0.69977744
 0.56705068 0.62455478 0.47184924 0.46196654 0.33715344 0.41259701
 0.26288304 0.        ],[0.80653065 0.54716841 0.43937558 0.47057308 0.51834461 0.3633211
 0.47487114 0.41582357 0.44481332 0.60665795 0.62273436 0.61726875
 0.60330294 0.61029298 0.64567749 0.66464914 0.5503915  0.40620252
 0.50768516 0.34382775 0.58275654 0.41000678 0.47880352 0.71230209
 0.42868547 0.32742388 0.43414932 0.68005961 0.47174495 0.49012
 0.55640203 0.6155525  0.63402147 0.31363462 0.37473818 0.62296316
 0.71575855 0.69844959 0.60141691 0.43690016 0.74209296 0.86986506
 0.79000412 0.67970357 0.66743973 0.55978122 0.34553001 0.4374724
 0.33732661 0.        ],[0.87972508 0.49395189 0.40624254 0.50243491 0.4226413  0.30820316
 0.4510706  0.5663922  0.47413425 0.54357864 0.44719318 0.61052311
 0.49019789 0.57779945 0.552036   0.69131077 0.66061193 0.67191202
 0.77725528 0.57083329 0.52202151 0.62421979 0.64785952 0.72946912
 0.35667041 0.44411975 0.34084843 0.40786506 0.43449377 0.50482962
 0.67111947 0.4061209  0.44547835 0.52581275 0.46311441 0.6144283
 0.51159975 0.56141642 0.65400381 0.33384374 0.69820666 0.87966005
 0.78987142 0.67285952 0.60069061 0.54621962 0.50536497 0.54193375
 0.34517564 0.        ],[0.54894097 0.4274383  0.43919152 0.46853376 0.28362528 0.41542503
 0.43743145 0.47790121 0.45470582 0.31901605 0.31257097 0.60294626
 0.52951317 0.56531771 0.64441949 0.62117743 0.40009321 0.50200419
 0.59559222 0.32483774 0.54388637 0.68638711 0.6414087  0.74862346
 0.42418499 0.50146953 0.64859646 0.51155688 0.38809782 0.59570991
 0.75690227 0.72894776 0.73619478 0.79242819 0.7350843  0.58870723
 0.23473554 0.24312837 0.62452976 0.33914554 0.44160837 0.7699813
 0.57100867 0.33391371 0.43060022 0.73062214 0.6409431  0.43801645
 0.29188432 0.        ],[0.45242622 0.54171176 0.47679215 0.33330352 0.38987112 0.62618742
 0.64885225 0.59640088 0.55568886 0.36665284 0.5405382  0.5175209
 0.51433823 0.39470633 0.58998486 0.55868307 0.61136645 0.46589055
 0.313571   0.26164243 0.66492406 0.56281759 0.51055783 0.55473532
 0.35094293 0.41871623 0.80327607 0.71809656 0.36076084 0.55582298
 0.60636242 0.70751741 0.56053846 0.70788724 0.72476037 0.45621378
 0.26869246 0.1748681  0.50327336 0.6311112  0.5545458  0.70846245
 0.48249731 0.29066765 0.32674274 0.55131868 0.4248169  0.48246142
 0.62904378 0.        ],[0.89230816 0.6148166  0.55833162 0.61588882 0.51739015 0.56110942
 0.61803796 0.68924066 0.69962077 0.68056332 0.65280572 0.47303584
 0.4138726  0.53346448 0.70332365 0.47297602 0.6506134  0.29605993
 0.27570562 0.46000079 0.71985164 0.60107757 0.63730598 0.47941071
 0.6361669  0.65984684 0.74319879 0.75538774 0.46886378 0.33016552
 0.44908615 0.71433076 0.7288833  0.47088996 0.50469343 0.61326375
 0.44878931 0.41101835 0.71184037 0.83824887 0.67997011 0.49623813
 0.55368495 0.60496972 0.56184509 0.29718656 0.27990114 0.5603364
 0.69983882 0.        ],[1.25296583 0.57788756 0.30683509 0.38514693 0.60475884 0.65914461
 0.57443099 0.74685374 0.81457072 0.66729403 0.75076118 0.75281704
 0.69379913 0.54804743 0.81348355 0.74308984 0.62640431 0.33591666
 0.5377941  0.58146654 0.59020817 0.4498879  0.34153042 0.26916878
 0.44719484 0.60564963 0.49341737 0.58418158 0.56284582 0.35949852
 0.34691853 0.6531237  0.62478615 0.42186007 0.4689016  0.55988062
 0.43395375 0.74108348 0.92737367 0.86039506 0.51763522 0.467505
 0.37442203 0.48809465 0.40410069 0.38753363 0.46307099 0.45528279
 0.64825879 0.        ],[0.53543757 0.31799819 0.20593358 0.24625883 0.48062486 0.38697904
 0.25301694 0.45640122 0.620593   0.50713741 0.74362261 0.87048987
 0.67252482 0.49987761 0.6840503  0.7988039  0.73734009 0.56163913
 0.41632931 0.71477848 0.63528897 0.37276897 0.35199032 0.26487972
 0.37328378 0.48741945 0.61641939 0.56153958 0.61762092 0.48817718
 0.38626439 0.59551037 0.47552218 0.6217585  0.4682736  0.44112195
 0.32026308 0.59644832 0.85354895 0.79262051 0.38814807 0.54184447
 0.50818264 0.38723255 0.46469823 0.62764494 0.63559563 0.3891437
 0.67054333 0.        ],[0.21348337 0.38201789 0.44882322 0.48058141 0.58723313 0.40372904
 0.32134781 0.45516385 0.36305947 0.27491322 0.38063566 0.72443483
 0.68751651 0.45440958 0.42075893 0.59943233 0.75969634 0.59387241
 0.34235117 0.65932055 0.59276    0.34039081 0.37325829 0.43547489
 0.63687052 0.63909995 0.58787261 0.44101659 0.28022187 0.36211591
 0.33024248 0.48317158 0.55735765 0.72025849 0.66618026 0.6567764
 0.34018574 0.36144948 0.58518667 0.64042465 0.35351779 0.58456243
 0.68186338 0.64688832 0.57479617 0.6039215  0.38007463 0.32520351
 0.6492288  0.        ],[0.71421107 0.43655889 0.29221656 0.27373939 0.34340923 0.40919013
 0.4944443  0.31752796 0.16931571 0.23650459 0.32241951 0.5001655
 0.64611738 0.47203713 0.68605146 0.73321818 0.73838131 0.59399696
 0.49802813 0.36779812 0.50039546 0.62721214 0.74310978 0.74217432
 0.44623631 0.58126359 0.47913763 0.40824411 0.23898361 0.36542896
 0.60277539 0.38944287 0.30787892 0.38598098 0.34439262 0.40959354
 0.41642897 0.47465089 0.56609621 0.29249265 0.25394054 0.35713189
 0.29457735 0.39866062 0.42773349 0.54446956 0.36096138 0.54687165
 0.73012675 0.        ],[0.51561109 0.55462841 0.41522371 0.22659571 0.36383622 0.52444244
 0.57254446 0.39972127 0.27608073 0.54697427 0.38679036 0.29003266
 0.31166996 0.2660058  0.5110976  0.51291405 0.44132303 0.62399165
 0.49749519 0.56590759 0.68735037 0.642364   0.64283888 0.83798101
 0.61475626 0.4198632  0.47152815 0.55182353 0.43801491 0.42503849
 0.60335661 0.53036139 0.58038403 0.63561251 0.5503143  0.37707804
 0.42475741 0.7376055  0.60178234 0.30529453 0.30806487 0.50428453
 0.32965407 0.55443603 0.33319914 0.47918954 0.40550683 0.57662439
 0.71933585 0.        ],[0.55513031 0.48685478 0.46537727 0.47940225 0.53167676 0.61673839
 0.37610471 0.39075796 0.4318938  0.46093607 0.50904908 0.44576126
 0.23164032 0.2219576  0.42965127 0.36974029 0.29517352 0.42017114
 0.48089802 0.54190561 0.61231296 0.51085918 0.62957697 0.76673973
 0.6772271  0.69672621 0.67870741 0.69318329 0.59218311 0.53696705
 0.48655081 0.44974627 0.61467605 0.78956058 0.77302156 0.47992275
 0.54189348 0.78063298 0.81661353 0.68794283 0.49450347 0.62109738
 0.57826903 0.66664841 0.38996409 0.35189525 0.47998349 0.60702414
 0.8379542  0.        ],[0.6269031  0.4437681  0.33048907 0.3293954  0.51545502 0.48070698
 0.18402015 0.22758277 0.45505725 0.4390124  0.69203459 0.66658599
 0.34581374 0.38836049 0.64658717 0.59479421 0.53672023 0.58624362
 0.39784711 0.44633699 0.63639735 0.48760942 0.60410459 0.54289295
 0.2988581  0.47944621 0.56651864 0.79779713 0.67175208 0.42393624
 0.33142673 0.44016751 0.38314684 0.47318592 0.70011198 0.63138888
 0.71304758 0.70496703 0.74061811 0.64123831 0.32829271 0.45213548
 0.65289501 0.65837353 0.63698868 0.62514665 0.42758156 0.50111203
 0.68136634 0.        ],[0.56961054 0.55082914 0.51838562 0.51516923 0.63630909 0.59551202
 0.33971452 0.36702363 0.44116875 0.47242137 0.59768815 0.48858428
 0.36735457 0.42123809 0.41558972 0.32673751 0.42865762 0.46745048
 0.22892559 0.34362577 0.52562171 0.59731813 0.64733443 0.55544598
 0.25723074 0.20806382 0.40901531 0.66988503 0.47381151 0.23197012
 0.34797156 0.61817392 0.4604289  0.4288179  0.61399012 0.67654771
 0.63848038 0.68961763 0.44770797 0.45959578 0.47852646 0.60782221
 0.46373483 0.39362379 0.62882356 0.5210363  0.67686442 0.68431464
 0.37132398 0.        ],[0.36678256 0.45208495 0.5328531  0.55959223 0.4094674  0.38183602
 0.56635487 0.44268487 0.39760079 0.49317938 0.47110735 0.67271688
 0.50384145 0.59631542 0.6023709  0.54663987 0.50267628 0.52470985
 0.29729568 0.38856034 0.32294384 0.34583967 0.55850139 0.47314142
 0.54644435 0.39000487 0.59230608 0.48153918 0.51515676 0.47470238
 0.65493872 0.52977412 0.31368503 0.46454093 0.51377158 0.40530725
 0.63021903 0.50146067 0.43229399 0.49867916 0.44948576 0.55980161
 0.68001227 0.46982909 0.39858    0.5678504  0.65738646 0.70789735
 0.39025378 0.        ],[0.14870801 0.56458004 0.6546779  0.5254779  0.47339571 0.45564751
 0.69860409 0.51987972 0.37924573 0.39140902 0.51892008 0.66069948
 0.340956   0.33779512 0.59645306 0.56013621 0.6913711  0.6631756
 0.28092705 0.39865963 0.47977577 0.53448449 0.52333307 0.28773482
 0.42485244 0.32959081 0.61398786 0.61324726 0.46010168 0.72570062
 0.80137081 0.5866333  0.31114201 0.26032177 0.31503959 0.47552769
 0.65499437 0.42966563 0.52554653 0.71355929 0.66570052 0.6666905
 0.68848995 0.52824392 0.47513638 0.60056671 0.60214091 0.55123296
 0.55228649 0.        ],[0.07153635 0.30350985 0.53519137 0.7294045  0.70696518 0.48563522
 0.58356397 0.49031225 0.32332715 0.48572932 0.63304425 0.55548961
 0.51015411 0.34568616 0.28446749 0.398172   0.59746186 0.56380719
 0.31227747 0.50797644 0.48600999 0.61561079 0.3804289  0.33060903
 0.42693043 0.33753174 0.39598834 0.39664754 0.58060405 0.67199232
 0.74014427 0.68671708 0.71496041 0.57279695 0.581448   0.55979699
 0.72432801 0.69313646 0.57929937 0.42307067 0.50153404 0.59120477
 0.45699385 0.56790106 0.5801708  0.58486802 0.47466587 0.31357795
 0.40926191 0.        ],[0.19940389 0.41593572 0.60445995 0.7495867  0.74353087 0.54063861
 0.5757887  0.62988358 0.57688163 0.57946372 0.58381363 0.37162608
 0.49476539 0.56097606 0.41941427 0.49666681 0.60629544 0.53480303
 0.5081875  0.319604   0.29633829 0.43983967 0.32319396 0.41370903
 0.49158845 0.59950214 0.63303982 0.62401889 0.62449666 0.68253849
 0.70302744 0.4427319  0.78427348 0.73123338 0.60281187 0.61798115
 0.70585941 0.54366199 0.50907024 0.28762977 0.34270904 0.54789164
 0.50977513 0.55364461 0.41525546 0.47091208 0.70358474 0.61040515
 0.632751   0.        ],[0.38490444 0.60608208 0.56035568 0.43119818 0.60928781 0.33273954
 0.26462896 0.57404274 0.6953399  0.61669111 0.53863732 0.32123978
 0.4036803  0.73198057 0.56406082 0.58167675 0.60734353 0.44289627
 0.64255234 0.554619   0.47737234 0.62224171 0.61524388 0.65451848
 0.54851888 0.64579335 0.44719864 0.43228833 0.36520976 0.40052721
 0.42946855 0.42110385 0.70297873 0.52129    0.49592076 0.62566946
 0.50159264 0.41169669 0.47549258 0.53528038 0.35151361 0.32990213
 0.37833168 0.34639504 0.30421613 0.38164119 0.62928618 0.5625587
 0.5939314  0.        ],[-0.14514024  0.35131743  0.60948187  0.60405256  0.35924315  0.36258935
  0.28561351  0.39408037  0.55458129  0.46696538  0.35373765  0.40669907
  0.60155456  0.64829306  0.45685932  0.4842837   0.36344085  0.38808791
  0.39543687  0.51349418  0.62320633  0.38437133  0.57990323  0.57567595
  0.31974595  0.368015    0.49065964  0.68217297  0.68915738  0.44444104
  0.44125197  0.4051074   0.50869286  0.51962837  0.64027272  0.44188152
  0.37883455  0.59650137  0.43872323  0.39350117  0.4146798   0.27393963
  0.29838505  0.47536935  0.39889413  0.36259872  0.47692294  0.64156768
  0.52037794  0.        ],[0.19407767 0.39238271 0.47317122 0.44306212 0.42926644 0.68114637
 0.49709701 0.32639983 0.54200417 0.52194231 0.4349362  0.46287606
 0.48434336 0.4430118  0.59135449 0.45845848 0.35011636 0.34609321
 0.35873963 0.56675063 0.50996846 0.32729134 0.39224052 0.61439816
 0.48347877 0.50231633 0.2994877  0.56115273 0.760003   0.63713545
 0.67118431 0.62632142 0.3556536  0.32190635 0.5818472  0.47055445
 0.74508414 0.87426191 0.78027949 0.5723519  0.46731791 0.56212492
 0.39064366 0.56471614 0.32631468 0.37982786 0.36664915 0.57576502
 0.45636449 0.        ],[0.7308925  0.36286488 0.37193173 0.64124313 0.80464928 0.84780982
 0.7448228  0.70826906 0.6777095  0.38314277 0.38866923 0.60282721
 0.4267234  0.60461908 0.55517981 0.45682788 0.42769098 0.54472056
 0.47622059 0.38692299 0.36960211 0.42205486 0.35014669 0.42704482
 0.5231434  0.3550268  0.21836757 0.30900453 0.47399451 0.60177135
 0.80584511 0.7959505  0.65934831 0.54373991 0.46312924 0.6153363
 0.8003465  0.75774649 0.74201523 0.60360774 0.59191524 0.5964819
 0.57059303 0.64783566 0.55850395 0.65724223 0.65720929 0.628597
 0.47163565 0.        ],[0.80210853 0.28907786 0.37397921 0.78964501 0.76868874 0.67624415
 0.39866641 0.54948487 0.50580812 0.41541184 0.32753761 0.54412849
 0.24671999 0.37908095 0.57690069 0.51055562 0.37272917 0.3401857
 0.45150904 0.63253766 0.58270947 0.5894649  0.51956754 0.30958403
 0.3182705  0.37537152 0.42969695 0.30107492 0.36244011 0.66962914
 0.7645542  0.5754734  0.50208021 0.67395437 0.51362272 0.60721792
 0.53494846 0.45781678 0.34958715 0.51468552 0.69495293 0.72369304
 0.46535069 0.36806122 0.49789367 0.49226798 0.38187587 0.30449565
 0.32924427 0.        ],[0.41124264 0.45472541 0.63876927 0.79000087 0.55311287 0.66395375
 0.36136718 0.33626515 0.55707276 0.70136844 0.65340705 0.62088337
 0.26968268 0.49597065 0.58570667 0.45126452 0.48886499 0.45538248
 0.29110973 0.33448737 0.53618371 0.62409207 0.58348238 0.56709744
 0.4606841  0.68295768 0.77618345 0.65797481 0.40468588 0.56659546
 0.39384868 0.32166112 0.50809641 0.66235731 0.44255496 0.68553567
 0.61116101 0.27944352 0.35187798 0.53228018 0.57032778 0.51905887
 0.38017659 0.5650462  0.42751681 0.3963594  0.58910421 0.68661383
 0.57414479 0.        ],[-0.04915134  0.43002148  0.70308216  0.74305069  0.56939825  0.57079292
  0.22922221  0.26670318  0.53402057  0.51728186  0.52177804  0.37342495
  0.28119676  0.48821002  0.45616918  0.38253893  0.49995985  0.49583417
  0.51557596  0.39967215  0.63776922  0.59258673  0.63263591  0.45859888
  0.65207983  0.54921294  0.64136988  0.65103069  0.42259375  0.3516062
  0.34354872  0.35908317  0.29743     0.35147155  0.29012162  0.39806147
  0.4207277   0.31482264  0.25484214  0.33344728  0.49623825  0.43781214
  0.34194041  0.42418039  0.52821234  0.53535404  0.49705644  0.67615876
  0.66043645  0.        ],[0.28134231 0.54116363 0.62821296 0.60736249 0.6686986  0.61155613
 0.18929282 0.139598   0.34711413 0.4660322  0.33875351 0.35815542
 0.25212617 0.40902816 0.52642069 0.52582763 0.48956146 0.41451561
 0.50707865 0.42825442 0.52922373 0.61478837 0.42372968 0.45142632
 0.66525255 0.59147071 0.53163111 0.49130765 0.49272657 0.53971564
 0.65433818 0.61940952 0.32967959 0.51565849 0.56043228 0.5954662
 0.48114459 0.56239927 0.45839118 0.37306888 0.35302881 0.55055583
 0.41532746 0.32497834 0.72201023 0.75542972 0.63364071 0.78059877
 0.56757144 0.        ],[0.20639403 0.51936618 0.5061296  0.38550736 0.73759143 0.8010237
 0.42950266 0.40655338 0.48099015 0.32295707 0.36419223 0.42873228
 0.42110449 0.4598008  0.4763475  0.38834611 0.30197761 0.46782784
 0.49597016 0.36746751 0.5654633  0.69281413 0.49818373 0.29422406
 0.3835208  0.47383096 0.36618634 0.30254219 0.3856327  0.56224359
 0.52453852 0.62925833 0.40597998 0.44898156 0.47233136 0.38590658
 0.44071244 0.57140793 0.48538759 0.55799691 0.41732818 0.27356143
 0.27107169 0.31062362 0.60375694 0.52880953 0.63801035 0.63794051
 0.44677275 0.        ],[0. 0. 0. 0. 0. 0. 0. 0. 0. 0. 0. 0. 0. 0. 0. 0. 0. 0. 0. 0. 0. 0. 0. 0.
 0. 0. 0. 0. 0. 0. 0. 0. 0. 0. 0. 0. 0. 0. 0. 0. 0. 0. 0. 0. 0. 0. 0. 0.
 0. 0.],