[ 0.78707201  0.10603377 -0.13548768  0.18826162  1.132402    0.82963342
  0.77256884  0.80038174  0.17348815 -0.0943342   0.31289002  0.53946408
  0.78822452  1.05816669  0.62169864  0.48791755  0.98183966  0.58423741
  0.30006997  0.        ],[0.35141622 0.52659064 0.55411369 0.53109999 0.69213743 0.7149833
 0.47735986 0.61591939 0.63935062 0.67753579 0.66559996 0.54090784
 0.32923276 0.56682288 0.64983152 0.55250163 0.60189901 0.51976508
 0.5883463  0.        ],[0.31041479 0.63687361 0.7268647  0.62708134 0.53173614 0.67482238
 0.46307692 0.65597922 0.72556848 0.71154624 0.77481728 0.64103742
 0.2388977  0.36265023 0.55033519 0.5213005  0.43423809 0.60172504
 0.55651697 0.        ],[0.48136348 0.5663468  0.59788365 0.5821546  0.57140543 0.65389103
 0.59158928 0.73323952 0.5637486  0.373061   0.65439416 0.67713026
 0.37872108 0.36433233 0.39110994 0.41312362 0.38956913 0.62005269
 0.32969598 0.        ],[0.40449815 0.58122208 0.62083236 0.57981063 0.56995267 0.4974021
 0.50173959 0.41831494 0.44558954 0.45171029 0.36169827 0.30053
 0.37221242 0.33272585 0.31063481 0.25772372 0.24902852 0.14101448
 0.19795338 0.        ],[0.32694398 0.45671966 0.44845906 0.37432625 0.3880907  0.33783858
 0.34748497 0.30557482 0.30766364 0.24063548 0.27428392 0.22700686
 0.2137925  0.16014823 0.17407565 0.12376504 0.12999384 0.09617692
 0.08566466 0.        ],[0.60911477 0.46431706 0.43097451 0.45089227 0.40158804 0.4059832
 0.35830854 0.35916735 0.31327218 0.32152453 0.26735289 0.27229874
 0.23193901 0.23574347 0.18795397 0.1887204  0.13932706 0.13723555
 0.09588907 0.        ],[0.8339254  0.56548752 0.51204068 0.56403538 0.49136005 0.51899267
 0.4470212  0.47377991 0.40319845 0.42681767 0.35979427 0.38296502
 0.31572249 0.33784547 0.27243036 0.2916516  0.22515999 0.24839031
 0.18246449 0.        ],[0.05710742 0.62953085 0.67723508 0.4689926  0.5700268  0.41934978
 0.51544501 0.37256635 0.46464124 0.32351299 0.41263422 0.27508487
 0.36271961 0.22903975 0.31481345 0.1846566  0.26827073 0.13699657
 0.21892898 0.        ],[0.13473283 0.45605524 0.48345308 0.36682489 0.41880582 0.32531046
 0.38235874 0.28693466 0.34582424 0.24168139 0.30655562 0.2021394
 0.2695044  0.15977614 0.22738899 0.11936428 0.19152624 0.07555639
 0.14512565 0.        ],[0.50043798 0.59676258 0.63563969 0.62625492 0.59315589 0.5728635
 0.5400877  0.52155858 0.4849644  0.46791389 0.43167638 0.41726831
 0.38331854 0.37036815 0.33319672 0.32325243 0.28923574 0.27874397
 0.24392995 0.        ],[0.55593709 0.52473416 0.48514328 0.4480468  0.43458554 0.40252979
 0.39153982 0.35813541 0.34796738 0.31303304 0.30252156 0.26577847
 0.25619191 0.22049878 0.21202747 0.17437173 0.1646675  0.12866668
 0.11956219 0.        ],[0.52289395 0.51486922 0.4457399  0.36638391 0.37816111 0.3185967
 0.33251253 0.27102657 0.2895815  0.22364029 0.24189954 0.17370253
 0.19571912 0.12824079 0.14965812 0.07961342 0.10219561 0.03485242
 0.05845602 0.        ],[0.12244988 0.45261164 0.46468212 0.32586703 0.3853051  0.28006271
 0.33678952 0.23598293 0.29449482 0.19090451 0.24780805 0.14916038
 0.20840487 0.1075197  0.16096387 0.06117066 0.11577159 0.01759361
 0.07426782 0.        ],[0.31291791 0.29054579 0.40933479 0.5446095  0.44279597 0.50417193
 0.40554845 0.46370375 0.36959761 0.42421164 0.332971   0.3865001
 0.29964652 0.34660553 0.25785045 0.30470705 0.22036696 0.26476894
 0.18205543 0.        ],[0.08405803 0.42727742 0.67327204 0.78504422 0.7021746  0.73826104
 0.65202755 0.69074542 0.60486657 0.64451955 0.55675133 0.59537672
 0.50746191 0.54917732 0.46026715 0.50406069 0.41687124 0.46052665
 0.37145119 0.        ],[0.56975708 0.60232072 0.669839   0.72097268 0.65483207 0.66811601
 0.60004378 0.61721736 0.54999579 0.565797   0.50097921 0.51565468
 0.44920533 0.46573488 0.39870957 0.41620786 0.35327992 0.37035753
 0.30433532 0.        ],[0.62493762 0.46100017 0.46610269 0.53745695 0.46280575 0.50021398
 0.42746462 0.46545446 0.38957184 0.4222641  0.351844   0.38621924
 0.3150725  0.34851057 0.27572001 0.30572597 0.23540652 0.26483341
 0.19159581 0.        ],[0.09864072 0.39915785 0.63609575 0.75448546 0.65626585 0.6981237
 0.60554512 0.64633149 0.55098548 0.59205695 0.49886867 0.54611621
 0.45142625 0.49697705 0.39762213 0.44062483 0.34484427 0.39153985
 0.29993683 0.        ],[0. 0. 0. 0. 0. 0. 0. 0. 0. 0. 0. 0. 0. 0. 0. 0. 0. 0. 0. 0.],