[-0.01548315  0.4240531   1.11854331  1.68307251  1.28783012  1.04996538
  0.39586273  0.54056394  0.63560556  0.85915003 -0.01722637  0.30981909
  0.50744277  0.38645912  0.        ],[0.68622146 0.21178381 0.40820076 0.61514801 0.57925896 0.63312705
 0.48061741 0.56375365 0.41054346 0.34968912 0.3999773  0.51088066
 0.56537159 0.42588456 0.        ],[0.56665444 0.23790839 0.36383869 0.61511062 0.5215247  0.69256358
 0.60310434 0.64792746 0.63563337 0.48871239 0.59673927 0.63705095
 0.44379328 0.29087202 0.        ],[0.07229965 0.54147238 0.57905236 0.6520672  0.55148873 0.64606615
 0.68603698 0.72691592 0.61013447 0.61442518 0.5771489  0.57847404
 0.26343042 0.14777967 0.        ],[0.32500135 0.59636947 0.65879287 0.63126239 0.60717743 0.50623865
 0.7678354  0.70906449 0.70614476 0.39323999 0.33495062 0.39985403
 0.4065371  0.33482024 0.        ],[0.58348546 0.39655111 0.68294102 0.62698701 0.68647307 0.56373011
 0.73133164 0.85123658 0.69861865 0.27593424 0.42016223 0.59988198
 0.71131041 0.32290848 0.        ],[-0.41754602  0.29899402  0.5392276   0.70989757  0.47196923  0.557116
  0.45913612  0.73574691  0.39153946 -0.0812388   0.21741122  0.29332034
  0.61740999  0.32271754  0.        ],[6.01352745e-01 3.16764844e-01 5.00148669e-01 8.20203400e-01
 5.64907027e-01 4.64625726e-01 4.56062122e-01 6.49856755e-01
 3.59808372e-01 2.29894954e-02 1.14156593e-01 1.06926787e-01
 5.69060074e-02 2.21347004e-04 0.00000000e+00],[-0.50737652  0.39790023  0.36641994  0.63952629  0.54911351  0.65846997
  0.78625739  0.70307385  0.5520508   0.15453144 -0.15938626 -0.09958799
 -0.16066833  0.00859261  0.        ],[-0.74287959  0.24092782  0.43486036  0.77000463  0.50673122  0.55768806
  0.87561679  0.63003515  0.27474631 -0.16870801 -0.23038773  0.16510703
  0.47101836  0.5003252   0.        ],[-0.01776353  0.0529969   0.26329495  0.63589876  0.78603153  0.75189194
  0.62501392  0.49737555  0.28886337 -0.05219126  0.06792373  0.28326349
  0.29252667  0.12936075  0.        ],[ 2.61042274e-02  2.57205723e-01  5.07441276e-01  7.03739078e-01
  7.10538679e-01  7.10203684e-01  5.88196547e-01  6.60007750e-01
  5.94440130e-01  1.53072819e-01  1.31077930e-01 -1.97770182e-02
 -1.15823204e-01 -2.94561501e-04  0.00000000e+00],[ 2.55526013e-01  2.91710734e-01  4.91968107e-01  6.82846906e-01
  5.04670799e-01  4.98075968e-01  5.39106293e-01  7.33942695e-01
  4.08612098e-01 -9.92341927e-02 -1.98470011e-02 -2.76187910e-02
 -2.82412567e-02  3.46304908e-04  0.00000000e+00],[-1.50733292e-01  4.32290575e-02  3.63330832e-01  6.29634939e-01
  4.80257885e-01  5.47800396e-01  4.87553749e-01  4.19039996e-01
  2.88205380e-01 -3.92212701e-02  2.33321698e-03  1.21242242e-02
 -9.41234153e-04 -2.01694164e-04  0.00000000e+00],[0. 0. 0. 0. 0. 0. 0. 0. 0. 0. 0. 0. 0. 0. 0.],