[-0.08878054  0.23010723  0.43193525  0.51264303  0.44310763  0.38836995
  0.39134698  0.29982395  0.35319944  0.24346974  0.3342113   0.21113255
  0.32340663  0.19576377  0.        ],[0.18683377 0.35652438 0.48240295 0.54865145 0.49967928 0.43265808
 0.44622786 0.3868763  0.454094   0.38446732 0.43366274 0.3989303
 0.42100416 0.41141263 0.        ],[0.40148293 0.24918467 0.34360683 0.52209373 0.45245006 0.48357791
 0.45341614 0.45227351 0.46613078 0.43196166 0.45158754 0.41906226
 0.43715866 0.41196014 0.        ],[0.48417887 0.04813727 0.12221123 0.40251457 0.29876241 0.44305324
 0.3488269  0.41614158 0.34365048 0.3614578  0.33641701 0.3055313
 0.32247368 0.26973655 0.        ],[0.32460351 0.0595461  0.06140642 0.16732118 0.07301742 0.1491914
 0.04739293 0.148698   0.04072368 0.15140097 0.03002911 0.15259918
 0.02225085 0.15417681 0.        ],[0.44472825 0.05597602 0.04625725 0.1975776  0.09480347 0.19116758
 0.0908756  0.18144202 0.08299872 0.16896521 0.07416096 0.15598776
 0.06474951 0.14552184 0.        ],[0.46743365 0.03909562 0.0061755  0.14761392 0.04325058 0.13862885
 0.03404911 0.13060696 0.02441398 0.12269145 0.01596426 0.11492591
 0.00767041 0.1070248  0.        ],[0.48029396 0.04995625 0.02292283 0.17211464 0.06575843 0.16430524
 0.05740882 0.15443917 0.04772256 0.14624149 0.04005183 0.13756296
 0.03141601 0.12846136 0.        ],[0.46733573 0.08092451 0.10370148 0.28753445 0.16235241 0.27876435
 0.1533279  0.26993329 0.14556312 0.26269851 0.13774519 0.25334083
 0.12716686 0.24304412 0.        ],[ 0.44437973  0.01709414 -0.03784505  0.07975738 -0.01130327  0.06929934
 -0.02074629  0.0620702  -0.0285509   0.05318694 -0.03683584  0.04419049
 -0.04700879  0.03426113  0.        ],[0.35343092 0.05703931 0.05746998 0.17994593 0.09264704 0.17067857
 0.08426955 0.16349595 0.0766109  0.15440973 0.06697299 0.14557493
 0.06026244 0.13880724 0.        ],[0.31616927 0.03164232 0.02570991 0.13648292 0.05650291 0.12805007
 0.04725113 0.11905905 0.03839627 0.11035188 0.02811323 0.10064752
 0.02132861 0.09470753 0.        ],[0.20070635 0.02716736 0.02157126 0.08641649 0.03645671 0.07830541
 0.02735923 0.0678004  0.01791808 0.05938788 0.0086916  0.05093706
 0.00160207 0.04373496 0.        ],[ 0.11272473  0.01688341  0.02130467  0.06430332  0.02898475  0.05562985
  0.02030238  0.04640699  0.01173827  0.0377882   0.00107063  0.02772118
 -0.00729653  0.01838025  0.        ],[0. 0. 0. 0. 0. 0. 0. 0. 0. 0. 0. 0. 0. 0. 0.],