[-3.06933074e-02 -5.88430317e-02 -2.39836782e-01 -2.12915920e-01
  6.55919002e-01  3.71177598e-01  5.08458481e-02  2.99240753e-01
  1.67648346e-01  6.58786832e-01  1.99483527e-01  1.24855949e-01
 -1.83478432e-02 -1.51722642e-04  0.00000000e+00],[1.24017527 0.51532933 0.53347812 0.46949551 0.3888545  0.66865325
 0.69768503 0.45915356 0.54273013 0.56953292 0.54673017 0.3716739
 0.27753496 0.40378602 0.        ],[1.23907973 0.46152708 0.55956965 0.51578749 0.24922786 0.49607494
 0.62652001 0.66836512 0.78272178 0.82044898 0.67579457 0.6128854
 0.50380104 0.62735641 0.        ],[0.75184925 0.66874994 0.50288786 0.5895071  0.36506915 0.44895371
 0.59296204 0.83737843 0.9043344  0.70380501 0.59394202 0.7400413
 0.62507858 0.70745701 0.        ],[1.29670784 0.61542401 0.60891313 0.37644309 0.3942063  0.48310703
 0.49413969 0.70519375 0.71646045 0.64998782 0.72366202 0.59264165
 0.58131646 0.64645581 0.        ],[1.15181814 0.25360909 0.25441307 0.28311335 0.62201384 0.71703946
 0.6974203  0.42782425 0.51260327 0.36577709 0.63046897 0.62263445
 0.59006077 0.3658858  0.        ],[1.80916922 0.02558562 0.08326442 0.59957523 0.49627165 0.48920829
 0.70014433 0.38706846 0.30596812 0.30135942 0.12157934 0.28138374
 0.38883851 0.17780228 0.        ],[ 9.99540630e-01  1.37950859e-01  3.87494182e-01  1.00390865e+00
  4.14959511e-01  3.52367182e-01  5.46999138e-01  6.52013030e-01
  5.56177409e-01  3.42878823e-01  1.32843735e-02 -1.28329684e-02
  3.60178204e-04  2.81741138e-05  0.00000000e+00],[ 0.55199209  0.17412872  0.25103234  0.90775713  0.48573436  0.40018544
  0.64072396  0.84110295  0.61925216  0.20313175 -0.06413262 -0.16310281
 -0.01362855  0.13185688  0.        ],[ 0.25480572 -0.05372573  0.20857943  0.79938316  0.50526883  0.61332588
  0.45360428  0.27431836  0.32504839  0.16451307 -0.04529074 -0.21871838
  0.01868718  0.10480563  0.        ],[ 0.51500944  0.01500687  0.18825005  0.6500908   0.59796872  0.56376341
  0.41921413  0.34529497  0.32642789  0.18150591  0.03323057 -0.10168468
  0.0050102   0.07155696  0.        ],[ 7.91090555e-01  8.39919833e-02  1.32569161e-01  5.91058690e-01
  5.92397477e-01  4.97124896e-01  6.06101201e-01  5.51722860e-01
  5.41737665e-01  7.75395323e-02 -3.64826880e-02  6.37291841e-02
 -6.27816655e-04 -5.91398788e-02  0.00000000e+00],[ 5.00714530e-01  9.60961896e-02  3.12139612e-01  7.47476676e-01
  4.87146403e-01  3.48125567e-01  4.25248510e-01  8.70970962e-02
  3.58949981e-01  6.78928819e-03 -1.16568398e-02  1.55561605e-02
  1.55210241e-04 -1.03594967e-02  0.00000000e+00],[ 1.65272840e-01  9.56604083e-02  2.92969638e-01  5.79738402e-01
  5.68725944e-01  5.56619425e-01  3.70441881e-01 -5.47904785e-03
  3.11805145e-01  2.26047988e-01  8.01103232e-03 -8.44819734e-03
  4.13070315e-04  7.96961240e-04  0.00000000e+00],[0. 0. 0. 0. 0. 0. 0. 0. 0. 0. 0. 0. 0. 0. 0.],