[-0.2989995   0.39850673  0.64760771  0.57593893  0.41315164  0.2322409
  0.22029605  0.32797535  0.18678811  0.6044437   0.41871574  0.70731365
  0.42695234  0.44961789  0.        ],[0.13285161 0.26743943 0.44498041 0.56565808 0.45348466 0.5141599
 0.31317303 0.27609116 0.29390064 0.23317863 0.20803286 0.53840025
 0.62986473 0.55182519 0.        ],[0.55077998 0.25557447 0.30625094 0.49819436 0.44220969 0.56451474
 0.4350023  0.34737532 0.46013786 0.28445862 0.25870583 0.53633588
 0.66186406 0.60146963 0.        ],[0.84322982 0.36888001 0.33083197 0.50815635 0.46246738 0.55626334
 0.57836251 0.55009212 0.62698091 0.59334428 0.47760875 0.61140697
 0.55917516 0.51679312 0.        ],[0.77828373 0.60065169 0.6841721  0.82824676 0.67000011 0.79984967
 0.70478832 0.81898384 0.64509595 0.72639063 0.58619794 0.51016545
 0.38975043 0.10046248 0.        ],[ 0.85547437  0.550091    0.54805664  0.67872222  0.5986409   0.6307862
  0.62388174  0.58147807  0.53313424  0.4599229   0.31322972  0.1914502
  0.22295408 -0.18301175  0.        ],[ 0.91848621  0.33973787  0.29568957  0.49971764  0.38349316  0.45804124
  0.39293441  0.39266321  0.33730763  0.33011504  0.15145669  0.01235481
 -0.00171725 -0.33444645  0.        ],[ 1.08303961  0.43244918  0.4010019   0.63152954  0.44091707  0.58447343
  0.4596035   0.57354774  0.45761116  0.51378533  0.26598118  0.23133913
  0.08501207 -0.16944322  0.        ],[ 0.9235016   0.46282741  0.46661191  0.65521274  0.48396644  0.57135361
  0.51571736  0.57940427  0.50576311  0.50586306  0.34834389  0.27157106
  0.16763506 -0.1639406   0.        ],[0.89480488 0.53837249 0.61114897 0.82620621 0.62596673 0.72250535
 0.66256879 0.70855848 0.62792881 0.63917028 0.50765285 0.44617204
 0.35748279 0.01910768 0.        ],[0.75755913 0.49090994 0.63948765 0.88982493 0.65477122 0.82357148
 0.70179772 0.78841216 0.65798664 0.72763122 0.52125806 0.47395985
 0.34333814 0.07499018 0.        ],[ 0.66312903  0.38164198  0.44154306  0.60994283  0.46470455  0.62444002
  0.48848128  0.5711161   0.43410618  0.50454114  0.31988651  0.22470225
  0.07687421 -0.18765373  0.        ],[ 0.40943474  0.52656749  0.55991183  0.54473239  0.5640499   0.58373892
  0.54869418  0.51973624  0.4826445   0.44040469  0.39673688  0.22903625
  0.17953766 -0.24417565  0.        ],[ 0.23433714  0.36546301  0.4992402   0.58067294  0.52340838  0.60040404
  0.5315673   0.56996226  0.47473246  0.47763419  0.37232333  0.30809545
  0.17258117 -0.24163938  0.        ],[0. 0. 0. 0. 0. 0. 0. 0. 0. 0. 0. 0. 0. 0. 0.],