[ 1.67642814e-04  7.22672730e-02  2.36988438e-01  3.24013643e-01
  3.44515741e-02  2.03582228e-02 -9.62180814e-03 -1.90434407e-02
 -9.80801599e-03  0.00000000e+00],[0.62973425 0.61862217 0.47649615 0.39566798 0.61522917 0.66315951
 0.39175711 0.19449074 0.50834083 0.        ],[0.62186108 0.54876042 0.32490335 0.25356731 0.57182896 0.80595099
 0.67176638 0.38533047 0.60719344 0.        ],[0.47292854 0.32383204 0.3464541  0.30053952 0.29014828 0.63593975
 0.66918659 0.46607103 0.40614686 0.        ],[1.01425137 0.06661593 0.18112633 0.50620845 0.3491772  0.4843732
 0.11904818 0.19209212 0.08101503 0.        ],[ 0.77070947  0.22396557  0.21290609  0.61098517  0.54785999  0.37378925
  0.13384121 -0.12337044 -0.02461161  0.        ],[ 0.39912914  0.46003757  0.52212879  0.60737885  0.56690137  0.49580791
  0.10955488 -0.04234428 -0.00687925  0.        ],[ 7.60752288e-01  1.16466022e-01  5.33686160e-01  1.15291663e+00
  4.85842311e-01  3.72991202e-01  6.90400092e-02 -3.52512913e-03
  8.61038617e-05  0.00000000e+00],[ 3.25412223e-01  1.98284735e-01  6.06226350e-01  9.23377732e-01
  3.90620942e-02 -4.96616691e-02 -1.03838032e-03  4.58983198e-05
  5.43419789e-05  0.00000000e+00],[0. 0. 0. 0. 0. 0. 0. 0. 0. 0.],