[ 1.96787852e+00 -1.10067219e-03  4.86337635e-02  1.10127896e+00
  8.51797536e-01  1.04718414e+00  7.34404621e-01  7.29517208e-01
  1.61142197e+00  8.63021895e-01  6.41549087e-01  1.64830691e+00
  1.01242874e+00  8.85069852e-02  2.90403580e-01  3.80333220e-01
  1.03732610e+00  8.04646464e-01  5.69760154e-01  0.00000000e+00],[-0.08822307  0.41482544  0.50237095  0.58348825  0.47258713  0.40315194
  0.20910452  0.21315704  0.29334165  0.59470867  0.60677568  0.47164838
  0.55760976  0.65894322  0.48025422  0.30093121  0.5507194   0.57600794
  0.48504176  0.        ],[-0.60960764  0.66480413  0.71805111  0.61465409  0.60685787  0.33951297
  0.3733435   0.58340951  0.42194231  0.53326216  0.64989316  0.57407046
  0.63159008  0.76622586  0.45330826  0.32325381  0.42976369  0.51817469
  0.55252118  0.        ],[-0.20620108  0.72685042  0.59598946  0.26329596  0.34120676  0.47374662
  0.30247929  0.49897839  0.50181632  0.50675793  0.35964889  0.2995204
  0.4505592   0.31710189  0.26468636  0.51203748  0.59170213  0.55874944
  0.61527226  0.        ],[-0.26329333  0.68530781  0.41826088  0.3800248   0.52536209  0.56365972
  0.37141641  0.46288328  0.46669736  0.24564019  0.10799999  0.14332904
  0.30709556  0.22917259  0.32222304  0.43631178  0.65980592  0.51634843
  0.37047353  0.        ],[0.11152591 0.63652314 0.63860426 0.67802367 0.5888479  0.4350051
 0.19690341 0.23925983 0.52442182 0.28166495 0.18492505 0.21811386
 0.48088766 0.52397136 0.43830306 0.37770316 0.52965208 0.37857996
 0.40870569 0.        ],[0.88531774 0.56800815 0.3228591  0.55160529 0.52518959 0.35271348
 0.21186222 0.19764318 0.45435868 0.31962777 0.52214348 0.48729837
 0.469488   0.6531848  0.74358758 0.51803642 0.40087713 0.18621131
 0.23328339 0.        ],[0.69378967 0.69026335 0.40329884 0.44684781 0.50866488 0.45022625
 0.28087552 0.18601671 0.31028814 0.35122228 0.47775817 0.44881596
 0.49020438 0.50262147 0.78554568 0.70642017 0.60852858 0.38445141
 0.40581361 0.        ],[0.98004922 0.73484403 0.75055076 0.6483717  0.51877126 0.68915509
 0.66036761 0.55716606 0.53047893 0.48307203 0.49791526 0.45359828
 0.39366616 0.53505953 0.749067   0.57658237 0.42633621 0.5342805
 0.41774405 0.        ],[0.92480035 0.70065646 0.60028432 0.55684491 0.33235636 0.62582972
 0.55600071 0.64702434 0.70947728 0.54293678 0.44547814 0.48563616
 0.51712132 0.67738258 0.54465996 0.59707779 0.49008497 0.50769323
 0.29860537 0.        ],[0.90259599 0.66832534 0.65465284 0.55211668 0.31476761 0.39621612
 0.49893065 0.31227132 0.35998196 0.43681097 0.49210998 0.59718172
 0.63711182 0.72349682 0.60861046 0.50138297 0.50478108 0.55372234
 0.34025221 0.        ],[1.16164036 0.44678345 0.50671303 0.54046365 0.33027228 0.35764904
 0.43041398 0.35798983 0.30757191 0.4533194  0.22693071 0.32952573
 0.65650169 0.73384004 0.40587771 0.12988251 0.23993782 0.50021711
 0.39810639 0.        ],[1.39126945 0.42116276 0.46396056 0.3327323  0.29333351 0.58944069
 0.78358195 0.62614458 0.37235736 0.43177907 0.30472301 0.4054038
 0.68499739 0.76095743 0.61496691 0.28030375 0.28396773 0.34850914
 0.17805862 0.        ],[ 0.16859362  0.48939683  0.31034209  0.49104642  0.38008555  0.44301084
  0.77159655  0.64783681  0.49201279  0.60164626  0.50195481  0.35647802
  0.43225751  0.65301415  0.75567285  0.701692    0.32170198  0.20971195
 -0.05896615  0.        ],[ 0.33555202  0.28141002  0.17099997  0.22643161  0.32493047  0.44529613
  0.63576624  0.64904172  0.50269037  0.44180331  0.45275927  0.5028749
  0.42222182  0.49248116  0.59138649  0.54803931  0.27101356 -0.02764852
 -0.02770982  0.        ],[0.95839808 0.5937559  0.46649544 0.32939646 0.30308793 0.53493387
 0.6134194  0.43497308 0.43595655 0.34978993 0.31528329 0.58977844
 0.59567008 0.48658098 0.31339524 0.35250803 0.36415032 0.32329679
 0.08489807 0.        ],[0.72930953 0.74045303 0.59271281 0.39219292 0.54381173 0.67323143
 0.73702697 0.56943873 0.57814813 0.45625213 0.48532845 0.55044125
 0.60086204 0.5422293  0.26015642 0.35748494 0.37813277 0.35151061
 0.20397567 0.        ],[0.2091214  0.59780075 0.68119119 0.5698606  0.52792215 0.5622191
 0.65731938 0.4720143  0.66791561 0.40846941 0.34180305 0.27081699
 0.30967169 0.55397188 0.50640613 0.48661894 0.37773415 0.21739897
 0.14942382 0.        ],[0.47125785 0.56066284 0.58984659 0.55425907 0.42875971 0.37987003
 0.59382554 0.47844213 0.55157913 0.42577636 0.41901001 0.44991728
 0.49502038 0.38771268 0.43045762 0.41041658 0.33265499 0.18621025
 0.01272144 0.        ],[0. 0. 0. 0. 0. 0. 0. 0. 0. 0. 0. 0. 0. 0. 0. 0. 0. 0. 0. 0.],