[-0.09855372  0.24182275  0.57593608  0.77279613  0.55860614  0.52466031
  0.37245244  0.32706351  0.29485526  0.25239081  0.33549598  0.32671311
  0.4822472   0.52059657  0.        ],[0.15741474 0.33206783 0.45579814 0.48424743 0.34094312 0.35275932
 0.32072008 0.36844622 0.36631937 0.40815456 0.45008568 0.43357364
 0.49007706 0.4405523  0.        ],[0.33943696 0.24430892 0.31015916 0.42675207 0.37989268 0.44395073
 0.4634059  0.51494112 0.52676262 0.55555366 0.557069   0.53913275
 0.5316336  0.48519083 0.        ],[0.43548112 0.07748748 0.15959208 0.44328769 0.44856093 0.55791564
 0.54477632 0.57486602 0.55365853 0.5504099  0.49895889 0.50607047
 0.44838509 0.46612946 0.        ],[0.4174918  0.06175381 0.08153629 0.24606109 0.12344293 0.23808951
 0.09759533 0.20919035 0.0659452  0.17097805 0.04007309 0.13759068
 0.01006776 0.0919134  0.        ],[0.4601182  0.08852775 0.1110301  0.29121716 0.17970415 0.28804157
 0.1768995  0.28572904 0.17502579 0.28526886 0.16412522 0.27655161
 0.15141345 0.2607317  0.        ],[ 0.53843713  0.05756471  0.032422    0.20105731  0.06556573  0.16977469
  0.03048838  0.13820657  0.00661114  0.11265513 -0.01646057  0.0920231
 -0.03412179  0.06455233  0.        ],[0.52755876 0.05033249 0.02775145 0.20262284 0.08875253 0.21008387
 0.09084598 0.21927902 0.09562615 0.22558479 0.10540737 0.24022129
 0.1126702  0.24517906 0.        ],[0.50459286 0.06724489 0.05444192 0.22383237 0.11453836 0.2224716
 0.11348528 0.21117799 0.09487399 0.1868647  0.07646305 0.16443629
 0.04883862 0.13340395 0.        ],[ 0.49824807  0.07587294  0.10467206  0.30371138  0.14281169  0.26747858
  0.10786725  0.23085915  0.06701659  0.18928611  0.02912406  0.15552097
 -0.00441687  0.11708389  0.        ],[ 0.40806175  0.03320491 -0.01133434  0.0865108  -0.0266157   0.04670564
 -0.06288394  0.01703016 -0.09505667 -0.0023008  -0.11508826 -0.0151283
 -0.13305023 -0.02795958  0.        ],[ 3.27813343e-01 -5.04214123e-03 -7.18702942e-02  3.01370042e-04
 -3.09926990e-02  2.78756224e-02 -5.91315995e-03  5.17759307e-02
  1.88610398e-02  7.82445874e-02  3.94559756e-02  9.13456762e-02
  5.90258433e-02  1.09918924e-01  0.00000000e+00],[0.22896829 0.04038898 0.07502236 0.19004903 0.11728614 0.19107298
 0.11060229 0.17662496 0.09692281 0.15353106 0.06038475 0.11043487
 0.01302926 0.06342341 0.        ],[ 0.14102692  0.05203532  0.07907527  0.14192172  0.08242425  0.08425918
  0.00873523  0.02175596 -0.06561613 -0.04041932 -0.11194999 -0.10432838
 -0.15985167 -0.15354068  0.        ],[0. 0. 0. 0. 0. 0. 0. 0. 0. 0. 0. 0. 0. 0. 0.],