[ 1.56917823  1.27114317  0.6132193  -0.1816553  -0.41485214  0.04937641
 -0.08435306  0.13985189  0.23933408  0.75222052 -0.0813224  -0.12821677
  0.23969518  0.91304617  0.        ],[0.23051223 0.6247624  0.80567639 0.47779586 0.35396164 0.49150289
 0.47923811 0.47231985 0.27761724 0.3593074  0.57025968 0.54074978
 0.56067523 0.62298307 0.        ],[0.15584699 0.64601548 0.75379212 0.47250715 0.30259157 0.42224471
 0.32004833 0.57373143 0.49213464 0.57125054 0.65637942 0.48788237
 0.50864658 0.47533145 0.        ],[0.53536621 0.57496106 0.56771993 0.70342133 0.49473577 0.42968578
 0.26907999 0.46266142 0.39789062 0.23947363 0.22099551 0.26165902
 0.35217064 0.49285954 0.        ],[-0.26005964  0.62079851  0.57000876  0.62954908  0.51814268  0.30870522
  0.22861263  0.25975125  0.16735795  0.26522037  0.48604772  0.57688453
  0.53888532  0.64921944  0.        ],[-0.11630515  0.62427234  0.4439033   0.60702861  0.62641357  0.62468802
  0.48093495  0.51301704  0.22905237  0.3503273   0.72461211  0.72267815
  0.49775075  0.3892947   0.        ],[0.21621088 0.25210571 0.40348994 0.57837757 0.46643853 0.63448038
 0.60731032 0.62325718 0.35298729 0.41514845 0.62423305 0.85581796
 0.59309139 0.19014615 0.        ],[0.12474289 0.52025745 0.50392897 0.33055725 0.47619212 0.32546107
 0.4452583  0.29994071 0.3672918  0.35123069 0.25544957 0.16290396
 0.09458894 0.03322372 0.        ],[ 0.50863117  0.64042298  0.38030829  0.25539993  0.4793706   0.31717883
  0.43867288  0.14132532  0.09884605 -0.0048082  -0.1092506  -0.02329817
 -0.01051618 -0.03184225  0.        ],[0.4896131  0.46257547 0.58849328 0.60511684 0.67100937 0.61291273
 0.92085104 0.98061688 0.857797   0.49502492 0.62420543 0.45346582
 0.31624297 0.45143368 0.        ],[0.99779993 0.46401737 0.46667601 0.59001313 0.70050185 0.80909933
 0.88258438 0.94772701 0.58473453 0.2288206  0.47093511 0.40930624
 0.27706078 0.1839892  0.        ],[ 0.31328943  0.44118205  0.38706643  0.37331663  0.37616337  0.54085734
  0.57132272  0.41435478  0.40617152  0.00565629  0.08112149  0.00740644
 -0.04667465 -0.02830664  0.        ],[0.17045714 0.42162006 0.51816728 0.50892412 0.37144838 0.29213766
 0.40130115 0.44281621 0.28821477 0.04814318 0.18640667 0.15096144
 0.05322855 0.03034786 0.        ],[0.21506028 0.41020059 0.3692616  0.29170456 0.56678611 0.53274166
 0.39822865 0.14306996 0.20672014 0.01727289 0.08616805 0.06214903
 0.04154056 0.01919146 0.        ],[0. 0. 0. 0. 0. 0. 0. 0. 0. 0. 0. 0. 0. 0. 0.],