[ 0.12592291  0.3795281   0.61825125  0.70916001  0.31180809 -0.13577692
 -0.51138557  0.26770014  0.66808861  0.4952646   0.43602116  0.06421368
  0.13923701  0.38889218  0.        ],[-0.60585759  0.60362769  0.44511298  0.52246823  0.63532401  0.55965704
  0.43691301  0.60458176  0.41642599  0.36793774  0.39150334  0.32735341
  0.65892911  0.52734275  0.        ],[-0.20478651  0.65802642  0.34577139  0.28808144  0.50432267  0.48279972
  0.60032393  0.68470655  0.6874926   0.45483738  0.35963788  0.35588809
  0.72682972  0.57743257  0.        ],[0.66735383 0.62931502 0.31815013 0.33772485 0.45303288 0.50199249
 0.69639501 0.63839594 0.73319493 0.54900814 0.3438072  0.29929689
 0.53502264 0.58341718 0.        ],[0.63211552 0.69137095 0.56273439 0.40333009 0.45324412 0.71250633
 0.77017185 0.64789729 0.64320465 0.58645363 0.41965723 0.4762572
 0.50845691 0.64372352 0.        ],[0.78556372 0.50138754 0.66371423 0.47158441 0.55975603 0.71236381
 0.61738318 0.41017943 0.33115968 0.52007433 0.77104773 0.66003474
 0.62079566 0.63183302 0.        ],[0.63882716 0.6827139  0.75827482 0.66714964 0.44539682 0.53669944
 0.69744593 0.68746929 0.42702537 0.69210392 1.00727788 1.04226269
 0.78925081 0.42390869 0.        ],[0.99989864 0.76176962 0.57633618 0.51159475 0.63533462 0.39835833
 0.48172541 0.42673753 0.46545973 0.65707367 0.68003958 0.58441768
 0.31150258 0.23658735 0.        ],[1.91849659 0.53505021 0.43315785 0.48097004 0.63251628 0.58499984
 0.32997166 0.05352117 0.39678672 0.62405345 0.24231652 0.27236411
 0.20491509 0.1483598  0.        ],[0.83454472 0.70604561 0.62898631 0.71832404 0.69849784 0.70897011
 0.85905051 0.93272237 1.11441637 0.87282077 0.80791263 0.95516889
 0.65253517 0.54319585 0.        ],[0.62822072 0.40867358 0.45587814 0.6815621  0.68263984 0.85718923
 0.87844374 0.70084514 0.83272356 0.75455787 0.63543056 0.625814
 0.88962801 0.72725058 0.        ],[0.72269264 0.52140353 0.475172   0.47587432 0.42142616 0.77402993
 0.60718867 0.06013974 0.44385338 0.47037599 0.2812209  0.23418211
 0.23361649 0.19312873 0.        ],[ 0.49471794  0.45817235  0.47946335  0.5031767   0.45011498  0.52030447
  0.27485811 -0.03500778  0.23428013  0.18162389  0.21500573 -0.00520978
 -0.10392446 -0.06913079  0.        ],[0.19990164 0.50250186 0.51356001 0.4212648  0.59782951 0.51023275
 0.34694029 0.33058567 0.27708588 0.06372848 0.10350317 0.0783918
 0.12461621 0.11833889 0.        ],[0. 0. 0. 0. 0. 0. 0. 0. 0. 0. 0. 0. 0. 0. 0.],