[ 1.66723569e-05  8.89855646e-02  4.66141065e-01  7.01341612e-01
  5.33308099e-02  4.54205285e-02 -8.11419401e-02  3.34561137e-02
 -8.62798938e-03  0.00000000e+00],[0.65372811 0.38172546 0.37113888 0.68281649 0.73295919 0.30674985
 0.45369018 0.44107487 0.16042637 0.        ],[0.77074421 0.22402761 0.3566899  0.71346112 0.79912864 0.50761787
 0.6413961  0.72476317 0.48377052 0.        ],[0.60714325 0.3273296  0.48704417 0.75536668 0.72073424 0.45111378
 0.48360115 0.75313248 0.65916706 0.        ],[0.74116969 0.33672808 0.4984891  0.751189   0.69648477 0.43958963
 0.19567049 0.22153538 0.12324933 0.        ],[ 1.14676057  0.08190875  0.19391503  0.86583586  0.57384866  0.53198145
  0.33729532  0.01970534 -0.00856958  0.        ],[ 0.76832495 -0.08818324  0.19684724  0.8829994   0.50325822  0.38518433
  0.48633688  0.20067612 -0.01753572  0.        ],[ 0.68607469  0.15615172  0.23162032  0.49709995  0.2189612   0.09078126
  0.00401351 -0.02238253  0.00072981  0.        ],[0.33632816 0.14525774 0.36752554 0.60177589 0.13869632 0.06953037
 0.0557072  0.0298075  0.00328366 0.        ],[0. 0. 0. 0. 0. 0. 0. 0. 0. 0.],