[-0.10151256  0.48186978  0.68123687  0.60487717  0.54171572  0.51403721
  0.15168444  0.27258897  0.29741087  0.38278515  0.41494819  0.38454724
 -0.06928321  0.02678939  0.5478788   0.44294078  0.27102047  0.20703671
  0.02434859  0.        ],[0.33007608 0.78567209 0.75254194 0.4749671  0.37245559 0.55111786
 0.4095361  0.53580046 0.52109367 0.5780471  0.52486949 0.43976446
 0.60759226 0.55638617 0.48265513 0.43897494 0.48823769 0.39130447
 0.29950263 0.        ],[0.64604743 0.83618134 0.76837839 0.39569707 0.49130946 0.41757858
 0.46290827 0.67192333 0.49921482 0.50174048 0.64699953 0.70363941
 0.64595235 0.68164233 0.57022787 0.59052279 0.51716366 0.46304796
 0.43646761 0.        ],[0.80316133 0.6274516  0.65802728 0.20804202 0.19852481 0.26524639
 0.29115839 0.72102802 0.71679515 0.41955963 0.58407075 0.79925327
 0.77652411 0.79803923 0.79130422 0.64789598 0.38523686 0.43536327
 0.44929006 0.        ],[0.4971531  0.61354797 0.43072324 0.35514134 0.37726027 0.5567606
 0.39851307 0.65530744 0.48139532 0.24441248 0.51586814 0.59881955
 0.39146797 0.69867052 0.7787094  0.52538437 0.32553545 0.40413013
 0.37968853 0.        ],[-0.32980076  0.66449248  0.62070351  0.64851686  0.63177014  0.51527899
  0.54882244  0.52815352  0.41398035  0.30945471  0.47022303  0.62598531
  0.36361436  0.4662308   0.44079356  0.41699047  0.39482716  0.55969983
  0.40630364  0.        ],[-0.27374374  0.53489138  0.44394717  0.6570742   0.65044909  0.4596885
  0.47272844  0.30848779  0.40863745  0.59903259  0.34504119  0.3601678
  0.60483395  0.56082454  0.39957578  0.63689446  0.4631532   0.44023406
  0.53932161  0.        ],[0.48957495 0.35555404 0.53542844 0.55063328 0.73053588 0.70400882
 0.43724458 0.39620465 0.35832893 0.57072578 0.48409611 0.26718517
 0.45379208 0.33913765 0.29694229 0.47367341 0.43362463 0.66752738
 0.5478323  0.        ],[-0.06053024  0.35650083  0.51805226  0.78527412  0.66008525  0.52559795
  0.42611422  0.52315926  0.66045843  0.72529127  0.57461779  0.45100655
  0.40054681  0.41156646  0.49760092  0.49150938  0.45652885  0.50863763
  0.08992579  0.        ],[1.01277207e-01 2.43774373e-01 5.70660037e-01 1.14099933e+00
 7.64282639e-01 5.07684800e-01 4.89915610e-01 5.32865572e-01
 6.32023031e-01 6.31309853e-01 5.41449082e-01 6.79931287e-01
 3.74566293e-01 2.48085591e-01 3.28484415e-01 3.59233104e-01
 1.41700629e-01 2.02706697e-02 2.76974213e-04 0.00000000e+00],[ 1.18742776  0.1446888   0.48910198  1.25209385  0.90188964  0.46125097
  0.44657004  0.63401502  0.67997041  0.69007674  0.80093537  0.85300016
  0.49259203  0.30952489  0.33134145  0.15605751 -0.06624608 -0.00355613
 -0.04052418  0.        ],[ 1.70458445  0.08420061  0.20007225  1.07619482  0.83711458  0.53474157
  0.68485644  0.62022387  0.54942866  0.55887801  0.67727533  0.5488762
  0.47569773  0.19353754  0.30930689  0.09549927 -0.18027291 -0.16570035
 -0.09107103  0.        ],[1.05348943 0.24651984 0.38770254 0.60082681 0.54358917 0.55060962
 0.72659082 0.54927068 0.56956191 0.41118634 0.56024301 0.41293589
 0.57050642 0.40036416 0.47213885 0.38782052 0.31602681 0.3359567
 0.3244547  0.        ],[-0.18939551  0.14433789  0.15888872  0.6763411   0.6208472   0.62211057
  0.7639134   0.68546515  0.5500785   0.51509772  0.4794988   0.26688074
  0.42133651  0.59563549  0.54941878  0.44315166  0.03987188  0.20130092
  0.18272526  0.        ],[ 0.19825123  0.23998362  0.48632034  0.92903386  0.72825876  0.57030485
  0.72630897  0.83716579  0.5862535   0.44057101  0.44455611  0.47714373
  0.55000546  0.49221207  0.47327549  0.37908124  0.01241841  0.00420275
 -0.0024779   0.        ],[ 0.14841053 -0.1186884   0.4530012   1.07624051  0.90417029  0.7140864
  0.39192894  0.78599515  0.80968507  0.47415545  0.35963955  0.32081433
  0.5663553   0.48499454  0.34338978  0.3384194   0.11104333  0.00558089
  0.05887863  0.        ],[-0.03315067 -0.06832389  0.28668491  0.72238242  0.75312913  0.6988625
  0.27629355  0.58150369  0.84926775  0.69787629  0.62949461  0.38419701
  0.22841684  0.27114234  0.47759846  0.36619339  0.04807965 -0.00910652
  0.0126023   0.        ],[ 0.27445271  0.15456965  0.3051432   0.57217684  0.57996459  0.54189573
  0.3465799   0.376646    0.48653956  0.33920523  0.33117785  0.40399278
  0.31358769  0.28022965  0.43338941  0.353071    0.047436   -0.00190086
  0.00167804  0.        ],[ 8.19309662e-02  8.88606123e-02  3.24118064e-01  6.16931596e-01
  5.24150009e-01  4.21190447e-01  5.41527871e-01  4.78917043e-01
  3.93624171e-01  1.67968175e-01  1.68516547e-01  4.79344467e-01
  7.00169065e-01  4.89649849e-01  2.95159504e-01  2.62183490e-01
  3.33789356e-02 -5.31969670e-03 -4.73746463e-05  0.00000000e+00],[0. 0. 0. 0. 0. 0. 0. 0. 0. 0. 0. 0. 0. 0. 0. 0. 0. 0. 0. 0.],