[-0.14382893  0.5118026   1.21249329  1.36271996  0.06520648  0.94869087
  0.50501419  0.59761026  0.58068681  0.89833149  0.56447667  0.44484574
  0.33536846  0.21541235  0.35251956  0.17928607  0.6659623   0.19107758
  0.00244991  0.        ],[-0.60633973  0.65395629  0.5483057   0.4043553   0.40400349  0.33647097
  0.22648107  0.59014349  0.66171813  0.53281016  0.48358367  0.52919784
  0.48075788  0.45775899  0.4396253   0.41879266  0.73184409  0.65125566
  0.35678646  0.        ],[-0.17910575  0.72223791  0.77754274  0.60479888  0.3499403   0.58762681
  0.35721146  0.66170003  0.71537488  0.47711023  0.53662819  0.46842103
  0.40132206  0.34679276  0.44404353  0.58562202  0.57354518  0.56423044
  0.43466201  0.        ],[0.5140248  0.60796289 0.78673569 0.74437074 0.36905192 0.67167525
 0.39514366 0.54066745 0.61744078 0.65415035 0.58038011 0.31402194
 0.29934855 0.27074367 0.42073992 0.62357151 0.29486394 0.19827218
 0.32970991 0.        ],[0.20630344 0.49867244 0.59676301 0.71013196 0.47361991 0.69016915
 0.66071595 0.57259043 0.31500021 0.58928966 0.58697924 0.31275263
 0.28765395 0.44761673 0.41826347 0.45496097 0.27121152 0.29390804
 0.35132361 0.        ],[0.92039775 0.53556894 0.54752937 0.51436482 0.42207295 0.47390469
 0.46983968 0.41476549 0.22039223 0.38406262 0.67004306 0.43140269
 0.32107184 0.36726403 0.40266571 0.42816533 0.63992204 0.60700365
 0.64343052 0.        ],[1.37404288 0.39555796 0.55192852 0.403653   0.69776885 0.66179552
 0.42264553 0.46833447 0.37739806 0.3352045  0.62515142 0.6877851
 0.39289841 0.3961696  0.29778248 0.46857035 0.64863044 0.50383255
 0.66537586 0.        ],[0.9931386  0.33157371 0.36059463 0.57132306 0.69754877 0.41837739
 0.33344814 0.28187907 0.33356416 0.61343552 0.5867647  0.53549073
 0.38768136 0.51757597 0.49951422 0.37958157 0.39856171 0.72688678
 0.68710221 0.        ],[0.08084211 0.56212913 0.54562028 0.69820291 0.65755066 0.42131881
 0.36271298 0.5388547  0.46264099 0.56552126 0.54781784 0.23764231
 0.26483867 0.45922122 0.77627273 0.54278075 0.55290296 0.84976557
 0.63767327 0.        ],[1.03768299 0.45620991 0.54649281 0.49304616 0.49100906 0.3282616
 0.63625169 0.80524438 0.57461619 0.49971545 0.58465883 0.40118662
 0.43475234 0.57680124 0.76244672 0.59586601 0.51195443 0.7141506
 0.56191003 0.        ],[0.21487793 0.58380568 0.51202293 0.76151125 0.56835296 0.36342971
 0.58906194 0.76566432 0.79910413 0.63765898 0.50498023 0.4875627
 0.67986247 0.34915985 0.27198994 0.31028789 0.50500182 0.27688723
 0.26918209 0.        ],[0.83774723 0.49423121 0.65424872 0.8664742  0.51480515 0.60713987
 0.53150999 0.50603126 0.71268488 0.65686374 0.56270717 0.59524839
 0.67601942 0.26155028 0.28851068 0.35440034 0.55691004 0.39341185
 0.31329808 0.        ],[0.98909734 0.60098215 0.57356256 0.77135969 0.58025576 0.50435296
 0.49397228 0.63359539 0.65036235 0.61680947 0.54354925 0.5980517
 0.55431378 0.2224468  0.4320399  0.5163395  0.38871749 0.29103266
 0.49605336 0.        ],[0.65322633 0.68750478 0.48104175 0.515172   0.68475429 0.40943375
 0.58439963 0.66831392 0.41558883 0.35153524 0.54962033 0.56822649
 0.52546958 0.19248958 0.17768196 0.52847562 0.45276554 0.13975344
 0.27724571 0.        ],[0.7949531  0.49149027 0.30679436 0.34474147 0.60514204 0.46160469
 0.7004192  0.66303196 0.63358123 0.27266417 0.26653757 0.22615554
 0.34120763 0.45147664 0.45294524 0.51865605 0.31763806 0.26167515
 0.26110152 0.        ],[0.11904606 0.48509719 0.48131909 0.33860748 0.59007329 0.60665401
 0.65088995 0.52943732 0.67063576 0.61826607 0.70250951 0.27110053
 0.49936707 0.50390236 0.65649941 0.46585357 0.37123784 0.33992716
 0.52546782 0.        ],[-0.18679562  0.29726372  0.5095663   0.53151336  0.50893534  0.37309555
  0.42493059  0.58003115  0.84742015  0.71273523  0.67476247  0.21036414
  0.29818704  0.61408795  0.65813173  0.42113905  0.04263194  0.02530673
  0.12719979  0.        ],[0.40038759 0.37680236 0.4193484  0.47110947 0.42972503 0.45908865
 0.24958731 0.38138667 0.83136784 0.69060943 0.65097349 0.51880617
 0.50940186 0.59093902 0.45116286 0.36124903 0.14012262 0.06251886
 0.04626084 0.        ],[0.60827958 0.4875219  0.38599177 0.29602907 0.24888645 0.34657865
 0.28360208 0.41861513 0.74751395 0.58658472 0.54317592 0.61644927
 0.55665897 0.49554666 0.22235583 0.2370246  0.10773823 0.01757024
 0.01570054 0.        ],[0. 0. 0. 0. 0. 0. 0. 0. 0. 0. 0. 0. 0. 0. 0. 0. 0. 0. 0. 0.],