[ 1.56485051 -0.01678372 -0.2408235   0.47411475  0.70965064 -0.24800339
  0.79696538  1.15073693  1.1787635   0.73458978  0.9754876   0.94261699
  0.71660261  0.35448056  0.44114644  0.40420177  0.86643697  0.46344932
  0.35393875  0.        ],[1.16873242 0.69330574 0.66110456 0.74057806 0.39532674 0.48902477
 0.39583641 0.42201167 0.44815867 0.63610599 0.60132184 0.38641629
 0.33430939 0.52318874 0.70131201 0.71903755 0.39209166 0.23034183
 0.46325035 0.        ],[1.07302999 0.84711734 0.83616918 0.66905776 0.3971227  0.36742939
 0.6029973  0.75889734 0.68183295 0.57823273 0.55474326 0.39864
 0.44264377 0.58250665 0.68631594 0.65384705 0.20456472 0.24706849
 0.39314518 0.        ],[1.08359948 0.64659338 0.69410056 0.70728598 0.45948054 0.48657771
 0.39939926 0.5707503  0.52447269 0.49443096 0.51927964 0.29288184
 0.34810966 0.7066893  0.59796424 0.43979728 0.23306494 0.36133495
 0.29660413 0.        ],[0.76326003 0.73387265 0.7000528  0.79153307 0.59630037 0.6872052
 0.5076758  0.40526663 0.4954997  0.51399601 0.31154974 0.27335453
 0.26375562 0.72746884 0.69221165 0.55998253 0.29731621 0.28589713
 0.55919943 0.        ],[0.59870554 0.6974436  0.47909862 0.66033913 0.57880865 0.64904694
 0.48282333 0.55144954 0.51409238 0.41523903 0.22243331 0.37303884
 0.30590528 0.55489241 0.45425938 0.31926939 0.27797708 0.44310253
 0.72241371 0.        ],[0.52369219 0.52288969 0.32621035 0.54030956 0.35818625 0.34167743
 0.6395364  0.69066326 0.42526192 0.38875296 0.34480313 0.47990646
 0.51974303 0.65766311 0.55215706 0.37502989 0.31885039 0.36706591
 0.62294341 0.        ],[0.86811578 0.56690882 0.41475308 0.34080811 0.16467987 0.34799609
 0.65613257 0.58914259 0.68922991 0.5090432  0.46997716 0.34730127
 0.59981075 0.74689046 0.76871846 0.57757826 0.39364199 0.60273733
 0.63459252 0.        ],[0.53433973 0.4373324  0.28865678 0.256973   0.25494535 0.62004859
 0.61055912 0.66666337 0.79038425 0.62421114 0.468144   0.50685019
 0.50107836 0.27960477 0.73616202 0.51069643 0.00540705 0.23278251
 0.19920267 0.        ],[0.70283794 0.71283699 0.59916985 0.55140886 0.49370664 0.77237614
 0.57047609 0.70689394 0.6236872  0.76032637 0.6471794  0.58457094
 0.49515707 0.13275148 0.31638129 0.11497198 0.00083757 0.05644435
 0.04182292 0.        ],[ 0.81692541  0.52002752  0.6179617   0.69250493  0.58632834  0.81652423
  0.79370389  0.71076488  0.47059325  0.72725354  0.8158046   0.75390998
  0.57368305  0.38039344  0.10673182  0.09865344  0.02149669 -0.00095573
 -0.03430048  0.        ],[ 0.89708489  0.44464897  0.6439976   0.716063    0.38686515  0.54629908
  0.65993043  0.6927579   0.53216457  0.58193817  0.59214028  0.49161562
  0.62484661  0.57129779  0.37334238  0.11668723 -0.06782482 -0.04039593
 -0.04842042  0.        ],[0.80788737 0.46537835 0.63645509 0.55764017 0.44197573 0.45306679
 0.3916897  0.33420242 0.28280032 0.31806373 0.33140693 0.28870666
 0.23634286 0.35348079 0.64365319 0.41843337 0.3545295  0.3519998
 0.48698874 0.        ],[0.80027619 0.28645012 0.59201204 0.59707494 0.79287878 0.72220378
 0.40633972 0.39211308 0.56154241 0.48867162 0.45620916 0.64835122
 0.3688868  0.34258558 0.53740044 0.35343063 0.23128477 0.13716386
 0.3054068  0.        ],[0.75262878 0.45229893 0.4140366  0.51159977 0.8042664  0.70841053
 0.45174153 0.67865207 0.69105596 0.51437811 0.5679822  0.69980834
 0.55740449 0.19249792 0.47526401 0.23315183 0.09021927 0.0195607
 0.03142406 0.        ],[ 0.22852624  0.46057298  0.58308715  0.64733732  0.64578633  0.47988812
  0.33904412  0.74199288  0.90776498  0.67689565  0.24501112  0.21005882
  0.31544961  0.15662357  0.37167299  0.32143621 -0.03974676  0.04073881
  0.01898746  0.        ],[ 0.21357867  0.11949566  0.21574434  0.40163506  0.47734856  0.62614192
  0.4807954   0.5354024   0.69675578  0.54453425  0.33390362  0.13162761
  0.44621058  0.23192179  0.34399924  0.18792467  0.00888759  0.0208658
 -0.00784217  0.        ],[ 0.28117427  0.04510454  0.08866258  0.34046082  0.61367748  0.70225506
  0.55736022  0.3287217   0.51688795  0.38619386  0.31084992  0.3677044
  0.54796651 -0.21565756  0.03738552 -0.06321529 -0.01706024 -0.00160376
 -0.00749335  0.        ],[0.40861734 0.15815247 0.31668779 0.63703009 0.58207567 0.69484175
 0.52780944 0.50400253 0.43228136 0.23100978 0.24512281 0.46343349
 0.60041448 0.17147971 0.17059159 0.10790854 0.01673241 0.0041385
 0.00480329 0.        ],[0. 0. 0. 0. 0. 0. 0. 0. 0. 0. 0. 0. 0. 0. 0. 0. 0. 0. 0. 0.],