[ 2.04350596  0.28336555 -0.03771885  0.29221146 -0.3119765   0.44399663
  1.03091709  0.38940987 -0.57940789  0.34913505  0.09547425 -0.24291135
  0.07615874  0.4060544   0.1464837   0.54463821  0.60932131  0.86387306
  0.65882633  0.        ],[0.11369    0.40402684 0.39781475 0.74044767 0.77648985 0.81557788
 0.66687602 0.6982865  0.61667474 0.50771465 0.74023981 0.62769926
 0.63107278 0.6750853  0.46070158 0.60731451 0.38547163 0.53933019
 0.53078274 0.        ],[0.05541211 0.52878071 0.39713446 0.65738741 0.70527808 0.78112846
 0.6554041  0.76141528 0.751683   0.73448503 0.79400508 0.78676118
 0.66647899 0.42313595 0.49241415 0.69619935 0.41991119 0.33323667
 0.44602358 0.        ],[0.79960834 0.51385951 0.53035415 0.44646687 0.43134087 0.40819393
 0.38817765 0.6828937  0.70304148 0.79632261 0.69788543 0.84040736
 0.59169517 0.27274681 0.52198659 0.55897288 0.54267198 0.2359928
 0.37893907 0.        ],[-0.22451597  0.45701283  0.46302407  0.58290632  0.52364135  0.26479256
  0.19816362  0.46848496  0.72702541  0.57562815  0.42496896  0.59798177
  0.72349086  0.41763422  0.68388434  0.70120757  0.62173884  0.25812841
  0.34025437  0.        ],[-0.58635677  0.45934863  0.30607537  0.41222954  0.54063598  0.42247766
  0.25561613  0.70239103  0.71205328  0.56215803  0.3628893   0.36629559
  0.63631162  0.55542643  0.65982079  0.76885847  0.63193086  0.39415578
  0.54804756  0.        ],[0.4260911  0.48834991 0.31573214 0.3802179  0.63633238 0.54770126
 0.36231    0.75719315 0.73283157 0.70374154 0.53913328 0.29660737
 0.31405113 0.37846692 0.64031154 0.73549657 0.59812672 0.48154208
 0.59679667 0.        ],[0.43728328 0.47415377 0.42445936 0.58776985 0.53840867 0.65573727
 0.63327803 0.57800416 0.48498713 0.50837072 0.42567569 0.23511545
 0.21984983 0.32388114 0.34864958 0.56287311 0.52487905 0.46875548
 0.51718108 0.        ],[0.27168716 0.38103059 0.33237136 0.69421231 0.44667157 0.44094678
 0.53701607 0.40236313 0.44131827 0.49924958 0.59420442 0.54617209
 0.26614345 0.35520076 0.4867499  0.56698348 0.48491969 0.22910381
 0.21022735 0.        ],[0.86089821 0.57021767 0.43434084 0.56656891 0.35971468 0.413363
 0.58706531 0.61173215 0.42362603 0.40760396 0.56411678 0.56809227
 0.45771883 0.52927902 0.5296716  0.42024595 0.22776993 0.08224465
 0.08279146 0.        ],[ 0.81886659  0.51905696  0.62725949  0.77661114  0.57265407  0.39064939
  0.65371461  0.65733081  0.4890137   0.60221706  0.46303688  0.48380059
  0.43854238  0.4238696   0.4937478   0.51913351  0.05003987 -0.0716346
 -0.08746242  0.        ],[ 1.12181476  0.42204753  0.47938441  0.60721467  0.51282649  0.7176591
  0.64967435  0.51612987  0.64876599  0.53313837  0.40924803  0.51878837
  0.32622701  0.31878931  0.34128449  0.44924914  0.20617155 -0.06037873
 -0.06908436  0.        ],[1.55506961 0.37388777 0.5085564  0.4033841  0.36493762 0.60854994
 0.47654861 0.68971605 0.6414835  0.49239399 0.56746332 0.66586349
 0.43496319 0.40695738 0.62481929 0.37825426 0.34787249 0.20062932
 0.26058486 0.        ],[0.76736084 0.33356095 0.43939782 0.69198626 0.36973744 0.2826168
 0.44505487 0.66679064 0.46220773 0.39883329 0.49921257 0.51485342
 0.38540905 0.60210787 0.75919133 0.58123813 0.14849694 0.13966275
 0.15397965 0.        ],[ 0.36869415  0.6129212   0.66262522  0.63426011  0.31984109  0.44062805
  0.65091216  0.5983648   0.47307134  0.58406583  0.58437922  0.31361858
  0.38588439  0.59292702  0.65896878  0.51399818  0.01423865 -0.0105242
 -0.00156579  0.        ],[1.19256156 0.53533367 0.55999535 0.59200278 0.6375172  0.76573185
 0.7442079  0.62529368 0.37536973 0.35448417 0.33650834 0.24851005
 0.35535681 0.43693246 0.30023846 0.41611363 0.2527112  0.02458852
 0.02827398 0.        ],[ 0.2552029   0.34030532  0.58367919  0.76193616  0.76686635  0.81784746
  0.77559703  0.80683101  0.62418734  0.62765241  0.63052478  0.45074127
  0.33234803  0.33704649  0.42779396  0.42791512  0.28367709  0.01906059
 -0.04420375  0.        ],[0.60177979 0.69475759 0.64627779 0.57643951 0.69292951 0.52764403
 0.5632955  0.6819409  0.56248748 0.56796973 0.54108301 0.34082218
 0.43486471 0.29264157 0.44661391 0.39830888 0.3361641  0.27402552
 0.03999669 0.        ],[0.39007591 0.71504401 0.63921068 0.44879815 0.70719894 0.47816308
 0.53522699 0.44059034 0.46477386 0.65264539 0.65524424 0.47021897
 0.42992847 0.52396641 0.40518801 0.37653102 0.13338268 0.09199288
 0.0273334  0.        ],[0. 0. 0. 0. 0. 0. 0. 0. 0. 0. 0. 0. 0. 0. 0. 0. 0. 0. 0. 0.],