[-0.0508946   1.14879059  1.09585654  0.58034995  1.10053608  0.44979984
 -0.21284494  0.2764115  -0.00801182  0.48621649  0.09656441  0.38595943
  0.37962496  0.37780016  0.        ],[-0.13728497  0.60676952  0.5247252   0.43908722  0.35074731  0.59523304
  0.64719481  0.54054776  0.62649525  0.56514037  0.49351601  0.37156599
  0.55963353  0.56141981  0.        ],[0.09630699 0.59381597 0.65962054 0.61586055 0.47868942 0.55368153
 0.66657481 0.4533481  0.58410667 0.82555644 0.61715215 0.37042756
 0.43887832 0.46496694 0.        ],[0.3923292  0.62253432 0.62810137 0.62463128 0.5894115  0.66150192
 0.53911804 0.21588362 0.28073867 0.34502409 0.44634842 0.30276619
 0.26651424 0.2732726  0.        ],[0.10577904 0.55641822 0.62262378 0.57493431 0.71132078 0.53478302
 0.38227239 0.29315336 0.47936432 0.47287816 0.29566277 0.38944315
 0.64081308 0.41169698 0.        ],[-0.03011033  0.60437721  0.617535    0.58637374  0.73043299  0.4448257
  0.6301992   0.47877133  0.57938683  0.51920512  0.30762929  0.38862302
  0.63347961  0.52068141  0.        ],[0.72183673 0.39562646 0.62880318 0.52078189 0.59897776 0.52415262
 0.7095317  0.72198447 0.63120042 0.60430424 0.38394595 0.3455221
 0.31790877 0.35977922 0.        ],[0.99930853 0.38593883 0.35754239 0.57334547 0.36916128 0.51518309
 0.54645049 0.57066933 0.53935363 0.53680905 0.53255117 0.50370033
 0.22730306 0.26214457 0.        ],[1.11972353 0.48007013 0.34310034 0.50451223 0.30714392 0.60375003
 0.49244871 0.16985648 0.34071706 0.45280887 0.37534719 0.43467985
 0.39277054 0.44912872 0.        ],[1.07033194 0.43174976 0.55926821 0.62942351 0.34340807 0.59207509
 0.77941319 0.68257806 0.71561732 0.62549919 0.5668123  0.25117536
 0.05278712 0.33549402 0.        ],[ 0.93214036  0.39957382  0.45810707  0.70926715  0.40020713  0.42209319
  0.67649751  0.77124898  0.7941935   0.73118848  0.37409788  0.21111558
 -0.05092213  0.04297967  0.        ],[0.49143289 0.40142699 0.61899352 0.87186066 0.7909004  0.68543588
 0.49984448 0.43251009 0.48109279 0.72507641 0.44017982 0.42065032
 0.19982001 0.04243666 0.        ],[0.39281883 0.68016423 0.83248401 0.861043   0.81833401 0.69649155
 0.42469968 0.34522472 0.43951929 0.73782495 0.58832034 0.51617627
 0.24664612 0.21713909 0.        ],[0.24604563 0.48481349 0.6413942  0.67882756 0.51963665 0.51455896
 0.66118081 0.88796914 0.7388417  0.82655562 0.6417774  0.57257173
 0.12911627 0.18508279 0.        ],[0. 0. 0. 0. 0. 0. 0. 0. 0. 0. 0. 0. 0. 0. 0.],