[-0.70834193  0.36868265  0.6983942   0.56695473  0.52753364  0.34008636
  0.30583012  0.42263735  0.31138437  0.78122456  0.59254607  0.89572982
  0.61766739  0.67438385  0.        ],[0.09736825 0.26298538 0.44800467 0.56614225 0.46934216 0.52843785
 0.32444236 0.2885178  0.31022945 0.25632115 0.2308489  0.56333813
 0.65576418 0.58735898 0.        ],[0.63567447 0.25906125 0.29555512 0.5075334  0.43729561 0.5572599
 0.42908885 0.34077693 0.45149436 0.27204698 0.24656708 0.52359601
 0.6505068  0.60071575 0.        ],[0.87424798 0.36908932 0.32885501 0.52405969 0.49376923 0.57367949
 0.59015364 0.56109772 0.65081741 0.62544412 0.52078621 0.68577639
 0.64604849 0.70006822 0.        ],[0.61383192 0.58094449 0.69732463 0.82872842 0.73496892 0.82184384
 0.71588865 0.82903802 0.70566151 0.81446186 0.74512434 0.80260706
 0.71348695 0.79983099 0.        ],[0.14391097 0.4598077  0.59906389 0.61534707 0.61732522 0.60961741
 0.61397112 0.60067604 0.60831452 0.59796659 0.5899165  0.59406864
 0.5914935  0.58891127 0.        ],[0.19438542 0.24774847 0.34742933 0.43270432 0.39180914 0.43377105
 0.39566885 0.43562377 0.40033789 0.43590448 0.40735727 0.43647274
 0.40766986 0.43683328 0.        ],[0.71389951 0.38687714 0.42813593 0.60779137 0.49433216 0.60928771
 0.49513918 0.61062581 0.49571064 0.612412   0.49580693 0.61414455
 0.49786021 0.61602051 0.        ],[0.37263819 0.39353233 0.50643047 0.61816411 0.55846768 0.62014189
 0.56054989 0.62220271 0.56278975 0.6242584  0.56518317 0.62637425
 0.56694189 0.62846372 0.        ],[0.26297276 0.45854984 0.65668108 0.78716348 0.72604548 0.79059165
 0.7303205  0.79395619 0.7342236  0.79728689 0.73788401 0.80065643
 0.7416348  0.80410787 0.        ],[0.36637037 0.44259502 0.66837603 0.87686959 0.76144942 0.87337994
 0.75823379 0.8697758  0.75485811 0.86610804 0.75142162 0.86245655
 0.74805387 0.8586615  0.        ],[0.62170713 0.37929661 0.44625545 0.61786289 0.50999003 0.61340693
 0.50669548 0.60912562 0.50352442 0.60521945 0.5005439  0.60193648
 0.49700767 0.59874208 0.        ],[0.44705521 0.53465992 0.55916815 0.54782786 0.55772443 0.54814421
 0.55810347 0.54904203 0.55861866 0.55050451 0.55858889 0.55138377
 0.55938336 0.552273   0.        ],[0.35476441 0.38439131 0.4925988  0.59564603 0.54089877 0.59704905
 0.5410178  0.59654837 0.54090955 0.59400153 0.54326616 0.5942587
 0.54366946 0.59523418 0.        ],[0. 0. 0. 0. 0. 0. 0. 0. 0. 0. 0. 0. 0. 0. 0.],