[-3.16791788e-05 -3.88885883e-02  1.95420907e-01  4.00958246e-01
  4.72141239e-02  2.70304195e-02  2.37918991e-03  1.85815420e-03
  9.69975792e-05  0.00000000e+00],[0.62684306 0.62095774 0.47787205 0.39227238 0.61407148 0.66374582
 0.39326377 0.19712865 0.50937501 0.        ],[0.62085874 0.54532554 0.3234234  0.25874279 0.57302619 0.80576981
 0.67129838 0.38445956 0.60649478 0.        ],[0.47558983 0.33159189 0.3495629  0.29155352 0.28728913 0.63641353
 0.66870177 0.46978652 0.40725091 0.        ],[1.01587325 0.08636685 0.1892344  0.49090453 0.3413728  0.48566129
 0.1120614  0.1976636  0.08154169 0.        ],[ 0.77155124  0.23033007  0.21519528  0.60345186  0.53523587  0.39782098
  0.18041821 -0.12636882 -0.02548205  0.        ],[ 0.40715732  0.41080644  0.50070469  0.63247247  0.55134732  0.57011288
  0.28656406 -0.06885236 -0.01111506  0.        ],[ 0.75833163  0.1080017   0.53053831  1.16404726  0.50637888  0.3439979
  0.01233609  0.00201729 -0.00136009  0.        ],[ 0.32626504  0.28057014  0.64004268  0.87859008  0.0627846  -0.01586079
  0.01433582  0.00237542 -0.00190883  0.        ],[0. 0. 0. 0. 0. 0. 0. 0. 0. 0.],