[ 1.30031642 -0.0030631  -0.2024902   0.40524466  0.68935189 -0.24800339
  0.79696538  1.1825328   1.3091958   0.76720715  0.89016366  0.77093142
  0.51141748 -0.31681944  0.25650387  0.32462122  0.24730665  0.17587705
  0.13992094  0.        ],[1.14343705 0.69207161 0.65974666 0.74339374 0.39619918 0.48902477
 0.39583641 0.42290397 0.45148881 0.63522948 0.59599386 0.37824971
 0.3236743  0.48483892 0.68130332 0.69934953 0.29928637 0.18274836
 0.42453416 0.        ],[1.09541846 0.84749128 0.83899357 0.66377989 0.39548582 0.36742939
 0.6029973  0.75967362 0.68538309 0.58105008 0.556162   0.39861981
 0.44220246 0.58252568 0.69080036 0.66095552 0.2456013  0.26365924
 0.40398374 0.        ],[1.04534263 0.64664104 0.68972521 0.71517035 0.46195439 0.48657771
 0.39939926 0.56959291 0.51917418 0.49020005 0.51711096 0.29284744
 0.34870085 0.70643    0.59117447 0.42911256 0.17117341 0.33633724
 0.28029328 0.        ],[0.75163931 0.73381605 0.69860141 0.79416645 0.59712273 0.6872052
 0.5076758  0.40485914 0.49365131 0.51260134 0.31095329 0.27354369
 0.26416593 0.72807339 0.69013929 0.5565019  0.27777168 0.27792175
 0.55392999 0.        ],[0.59870554 0.6974436  0.47909862 0.66033913 0.57880865 0.64904694
 0.48282333 0.55144954 0.51409238 0.41523903 0.22243331 0.37303884
 0.30590528 0.55489241 0.45425938 0.31926939 0.27797708 0.44310253
 0.72241371 0.        ],[0.52369219 0.52288969 0.32621035 0.54030956 0.35818625 0.34167743
 0.6395364  0.69066326 0.42526192 0.38875296 0.34480313 0.47990646
 0.51974303 0.65766311 0.55215706 0.37502989 0.31885039 0.36706591
 0.62294341 0.        ],[0.49311137 0.49250153 0.38957933 0.37888268 0.17615008 0.34799609
 0.65613257 0.58851232 0.68607835 0.50652161 0.4724992  0.35045315
 0.59734939 0.73698256 0.77568231 0.5864133  0.42195692 0.6160193
 0.59273175 0.        ],[-1.096234    0.07331403  0.16596093  0.4428122   0.31053613  0.62004859
  0.61055912  0.66351172  0.77462519  0.61160246  0.48075444  0.52261053
  0.48876455  0.22447827  0.74773758  0.54021376  0.11959678  0.28459715
  0.02888162  0.        ],[-0.18218627  0.31196831  0.46579467  0.75466158  0.55274618  0.77237614
  0.57047609  0.70311083  0.60477144  0.74519331  0.66231292  0.60348703
  0.48035368  0.04536897  0.24115158  0.08953403  0.02297396  0.05572003
 -0.0120814   0.        ],[ 1.00517822  0.15946992  0.49829724  0.8765582   0.63791824  0.81652423
  0.79370389  0.70698172  0.45167716  0.71212002  0.83093767  0.77282574
  0.55887738  0.2874459   0.00284516  0.02628502 -0.0424752  -0.05632788
 -0.05023063  0.        ],[ 1.98925171  0.18154363  0.55631469  0.85289456  0.42344108  0.54629908
  0.65993043  0.689606    0.51640423  0.56932773  0.60474896  0.50737468
  0.61252392  0.49391302  0.2790285   0.01523052 -0.1789542  -0.1253314
 -0.09265252  0.        ],[0.86973155 0.35548698 0.60285368 0.60954535 0.45637689 0.45306679
 0.3916897  0.33389582 0.28127019 0.31684522 0.33262136 0.29023351
 0.22931139 0.31679129 0.60335314 0.41197813 0.41648921 0.38232889
 0.47476781 0.        ],[-0.09663847 -0.00506966  0.51016977  0.72173719  0.8290719   0.72220378
  0.40633972  0.39373556  0.56966745  0.49519698  0.44966918  0.6402143
  0.34604317  0.23649498  0.43146392  0.41232049  0.58695162  0.34106711
  0.30378963  0.        ],[0.2786401  0.13033014 0.31945695 0.6562364  0.84542448 0.70841053
 0.45174153 0.67756457 0.68718605 0.51956235 0.58798404 0.71262436
 0.53338013 0.06263501 0.34470272 0.215665   0.17884364 0.06976374
 0.03556077 0.        ],[ 0.1401793   0.2231007   0.49445839  0.78279388  0.68462629  0.47988812
  0.33904412  0.72961923  0.85055231  0.65741176  0.34814227  0.29702523
  0.30669115  0.02811978  0.2245512   0.26702587 -0.13473722 -0.05461712
 -0.00921724  0.        ],[ 0.24263955  0.07476413  0.19303886  0.43626265  0.48742183  0.62614192
  0.4807954   0.52464086  0.63860702  0.48145673  0.36049311  0.17697905
  0.45260797  0.18512217  0.2109395   0.18726013 -0.01697835 -0.01317078
 -0.00114664  0.        ],[ 2.52386860e-01  2.93819922e-02  8.53666576e-02  3.45497874e-01
  6.15066909e-01  7.02255063e-01  5.57360221e-01  3.24558685e-01
  4.95146137e-01  3.66491250e-01  3.29214838e-01  3.89232374e-01
  5.66651298e-01 -1.41278686e-01  1.40472234e-01  4.35426681e-02
 -2.75744620e-03  5.88323500e-05 -1.55580732e-05  0.00000000e+00],[2.45373420e-01 8.63704422e-02 3.05759691e-01 6.53791346e-01
 5.86532985e-01 6.94841750e-01 5.27809436e-01 5.08121653e-01
 4.40642224e-01 1.85803773e-01 1.60171544e-01 4.09031017e-01
 5.71266976e-01 7.79258171e-02 7.85629941e-02 3.67592872e-02
 2.94497718e-03 1.09668060e-04 3.84756829e-05 0.00000000e+00],[0. 0. 0. 0. 0. 0. 0. 0. 0. 0. 0. 0. 0. 0. 0. 0. 0. 0. 0. 0.],