tensor([0.0000, 0.0033, 0.0067, 0.0100, 0.0134, 0.0167, 0.0201, 0.0234, 0.0268,
        0.0301, 0.0334, 0.0368, 0.0401, 0.0435, 0.0468, 0.0502, 0.0535, 0.0569,
        0.0602, 0.0635, 0.0669, 0.0702, 0.0736, 0.0769, 0.0803, 0.0836, 0.0870,
        0.0903, 0.0936, 0.0970, 0.1003, 0.1037, 0.1070, 0.1104, 0.1137, 0.1171,
        0.1204, 0.1237, 0.1271, 0.1304, 0.1338, 0.1371, 0.1405, 0.1438, 0.1472,
        0.1505, 0.1538, 0.1572, 0.1605, 0.1639, 0.1672, 0.1706, 0.1739, 0.1773,
        0.1806, 0.1839, 0.1873, 0.1906, 0.1940, 0.1973, 0.2007, 0.2040, 0.2074,
        0.2107, 0.2140, 0.2174, 0.2207, 0.2241, 0.2274, 0.2308, 0.2341, 0.2375,
        0.2408, 0.2441, 0.2475, 0.2508, 0.2542, 0.2575, 0.2609, 0.2642, 0.2676,
        0.2709, 0.2742, 0.2776, 0.2809, 0.2843, 0.2876, 0.2910, 0.2943, 0.2977,
        0.3010, 0.3043, 0.3077, 0.3110, 0.3144, 0.3177, 0.3211, 0.3244, 0.3278,
        0.3311, 0.3344, 0.3378, 0.3411, 0.3445, 0.3478, 0.3512, 0.3545, 0.3579,
        0.3612, 0.3645, 0.3679, 0.3712, 0.3746, 0.3779, 0.3813, 0.3846, 0.3880,
        0.3913, 0.3946, 0.3980, 0.4013, 0.4047, 0.4080, 0.4114, 0.4147, 0.4181,
        0.4214, 0.4247, 0.4281, 0.4314, 0.4348, 0.4381, 0.4415, 0.4448, 0.4482,
        0.4515, 0.4548, 0.4582, 0.4615, 0.4649, 0.4682, 0.4716, 0.4749, 0.4783,
        0.4816, 0.4849, 0.4883, 0.4916, 0.4950, 0.4983, 0.5017, 0.5050, 0.5084,
        0.5117, 0.5151, 0.5184, 0.5217, 0.5251, 0.5284, 0.5318, 0.5351, 0.5385,
        0.5418, 0.5452, 0.5485, 0.5518, 0.5552, 0.5585, 0.5619, 0.5652, 0.5686,
        0.5719, 0.5753, 0.5786, 0.5819, 0.5853, 0.5886, 0.5920, 0.5953, 0.5987,
        0.6020, 0.6054, 0.6087, 0.6120, 0.6154, 0.6187, 0.6221, 0.6254, 0.6288,
        0.6321, 0.6355, 0.6388, 0.6421, 0.6455, 0.6488, 0.6522, 0.6555, 0.6589,
        0.6622, 0.6656, 0.6689, 0.6722, 0.6756, 0.6789, 0.6823, 0.6856, 0.6890,
        0.6923, 0.6957, 0.6990, 0.7023, 0.7057, 0.7090, 0.7124, 0.7157, 0.7191,
        0.7224, 0.7258, 0.7291, 0.7324, 0.7358, 0.7391, 0.7425, 0.7458, 0.7492,
        0.7525, 0.7559, 0.7592, 0.7625, 0.7659, 0.7692, 0.7726, 0.7759, 0.7793,
        0.7826, 0.7860, 0.7893, 0.7926, 0.7960, 0.7993, 0.8027, 0.8060, 0.8094,
        0.8127, 0.8161, 0.8194, 0.8227, 0.8261, 0.8294, 0.8328, 0.8361, 0.8395,
        0.8428, 0.8462, 0.8495, 0.8528, 0.8562, 0.8595, 0.8629, 0.8662, 0.8696,
        0.8729, 0.8763, 0.8796, 0.8829, 0.8863, 0.8896, 0.8930, 0.8963, 0.8997,
        0.9030, 0.9064, 0.9097, 0.9130, 0.9164, 0.9197, 0.9231, 0.9264, 0.9298,
        0.9331, 0.9365, 0.9398, 0.9431, 0.9465, 0.9498, 0.9532, 0.9565, 0.9599,
        0.9632, 0.9666, 0.9699, 0.9732, 0.9766, 0.9799, 0.9833, 0.9866, 0.9900,
        0.9933, 0.9967, 1.0000])
tensor([0.2030, 0.2026, 0.2022, 0.2018, 0.2014, 0.2010, 0.2006, 0.2002, 0.1998,
        0.1994, 0.1990, 0.1986, 0.1982, 0.1978, 0.1974, 0.1970, 0.1966, 0.1962,
        0.1958, 0.1954, 0.1950, 0.1946, 0.1942, 0.1938, 0.1933, 0.1929, 0.1925,
        0.1921, 0.1917, 0.1913, 0.1908, 0.1904, 0.1900, 0.1896, 0.1891, 0.1887,
        0.1883, 0.1879, 0.1874, 0.1870, 0.1866, 0.1862, 0.1857, 0.1853, 0.1849,
        0.1844, 0.1840, 0.1836, 0.1831, 0.1827, 0.1822, 0.1818, 0.1814, 0.1809,
        0.1805, 0.1800, 0.1796, 0.1791, 0.1787, 0.1783, 0.1778, 0.1774, 0.1769,
        0.1765, 0.1760, 0.1756, 0.1751, 0.1747, 0.1742, 0.1737, 0.1733, 0.1728,
        0.1724, 0.1719, 0.1715, 0.1710, 0.1705, 0.1701, 0.1696, 0.1691, 0.1687,
        0.1682, 0.1678, 0.1673, 0.1668, 0.1664, 0.1659, 0.1654, 0.1649, 0.1645,
        0.1640, 0.1635, 0.1631, 0.1626, 0.1621, 0.1616, 0.1612, 0.1607, 0.1602,
        0.1597, 0.1592, 0.1588, 0.1583, 0.1578, 0.1573, 0.1568, 0.1564, 0.1559,
        0.1554, 0.1549, 0.1544, 0.1539, 0.1535, 0.1530, 0.1525, 0.1520, 0.1515,
        0.1510, 0.1505, 0.1500, 0.1495, 0.1490, 0.1485, 0.1481, 0.1476, 0.1471,
        0.1466, 0.1461, 0.1456, 0.1451, 0.1446, 0.1441, 0.1436, 0.1431, 0.1426,
        0.1421, 0.1416, 0.1411, 0.1406, 0.1401, 0.1396, 0.1391, 0.1386, 0.1381,
        0.1376, 0.1370, 0.1365, 0.1360, 0.1355, 0.1350, 0.1345, 0.1340, 0.1335,
        0.1330, 0.1325, 0.1320, 0.1314, 0.1309, 0.1304, 0.1299, 0.1294, 0.1289,
        0.1284, 0.1279, 0.1273, 0.1268, 0.1263, 0.1258, 0.1253, 0.1248, 0.1242,
        0.1237, 0.1232, 0.1227, 0.1222, 0.1217, 0.1211, 0.1206, 0.1201, 0.1196,
        0.1191, 0.1185, 0.1180, 0.1175, 0.1170, 0.1164, 0.1159, 0.1154, 0.1149,
        0.1144, 0.1138, 0.1133, 0.1128, 0.1123, 0.1117, 0.1112, 0.1107, 0.1101,
        0.1096, 0.1091, 0.1086, 0.1080, 0.1075, 0.1070, 0.1065, 0.1059, 0.1054,
        0.1049, 0.1043, 0.1038, 0.1033, 0.1028, 0.1022, 0.1017, 0.1012, 0.1006,
        0.1001, 0.0996, 0.0990, 0.0985, 0.0980, 0.0975, 0.0969, 0.0964, 0.0959,
        0.0953, 0.0948, 0.0943, 0.0937, 0.0932, 0.0927, 0.0921, 0.0916, 0.0911,
        0.0905, 0.0900, 0.0895, 0.0889, 0.0884, 0.0879, 0.0873, 0.0868, 0.0863,
        0.0857, 0.0852, 0.0847, 0.0841, 0.0836, 0.0831, 0.0825, 0.0820, 0.0815,
        0.0809, 0.0804, 0.0799, 0.0793, 0.0788, 0.0783, 0.0777, 0.0772, 0.0767,
        0.0761, 0.0756, 0.0751, 0.0745, 0.0740, 0.0734, 0.0729, 0.0724, 0.0718,
        0.0713, 0.0708, 0.0702, 0.0697, 0.0692, 0.0686, 0.0681, 0.0676, 0.0670,
        0.0665, 0.0660, 0.0654, 0.0649, 0.0644, 0.0638, 0.0633, 0.0628, 0.0622,
        0.0617, 0.0612, 0.0607, 0.0601, 0.0596, 0.0591, 0.0585, 0.0580, 0.0575,
        0.0569, 0.0564, 0.0559])