[ 1.08059783  0.00855426 -0.17052894  0.34781471  0.67242629 -0.24800339
  0.79696538  1.17787507  1.28524054  0.73555805  0.8557044   0.73980317
  0.4812941  -0.41340946  0.22208258  0.25875464  0.03151951 -0.00187132
  0.00694886  0.        ],[1.12226349 0.69104499 0.65861054 0.74574683 0.39692852 0.48902477
 0.39583641 0.42207452 0.44731662 0.63011419 0.59077384 0.37381023
 0.32107263 0.4771208  0.67579926 0.69054567 0.26683572 0.15175705
 0.39639468 0.        ],[1.11397793 0.84781066 0.84134308 0.65938538 0.39412333 0.36742939
 0.6029973  0.76002539 0.68713398 0.58311661 0.55819505 0.40028523
 0.44270429 0.58364279 0.69245609 0.66343358 0.25899639 0.27322995
 0.4088616  0.        ],[1.01364308 0.64666776 0.68608925 0.72172945 0.46401171 0.48657771
 0.39939926 0.56906288 0.51653565 0.48708463 0.51404493 0.29033498
 0.3479373  0.70472161 0.58867961 0.42547917 0.15139521 0.32203155
 0.27298205 0.        ],[0.74200763 0.73376457 0.69739482 0.79635786 0.59780686 0.6872052
 0.5076758  0.40469004 0.49281028 0.51161179 0.30998286 0.27275147
 0.26394517 0.7276058  0.68934275 0.55535475 0.27149854 0.27332116
 0.55147546 0.        ],[0.59870554 0.6974436  0.47909862 0.66033913 0.57880865 0.64904694
 0.48282333 0.55144954 0.51409238 0.41523903 0.22243331 0.37303884
 0.30590528 0.55489241 0.45425938 0.31926939 0.27797708 0.44310253
 0.72241371 0.        ],[0.52369219 0.52288969 0.32621035 0.54030956 0.35818625 0.34167743
 0.6395364  0.69066326 0.42526192 0.38875296 0.34480313 0.47990646
 0.51974303 0.65766311 0.55215706 0.37502989 0.31885039 0.36706591
 0.62294341 0.        ],[0.4350794  0.47802624 0.3797388  0.39377203 0.18068785 0.34799609
 0.65613257 0.58855547 0.68627312 0.50655401 0.47213007 0.35037964
 0.59366107 0.71729407 0.74833863 0.56363699 0.40856825 0.6048694
 0.58735263 0.        ],[-1.31934138  0.00342577  0.11755893  0.51608005  0.33276844  0.62004859
  0.61055912  0.66369578  0.77549318  0.6119224   0.47935953  0.52237159
  0.47249418  0.13547028  0.6186091   0.43726951  0.0585691   0.23096562
  0.00257555  0.        ],[-0.1578249   0.23894691  0.41120037  0.83744816  0.57743641  0.77237614
  0.57047609  0.70318772  0.60526684  0.74590546  0.6620798   0.60354494
  0.47076199 -0.01172369  0.14832658  0.02939687 -0.01666483  0.0143756
 -0.03289416  0.        ],[ 1.31278865  0.09698961  0.44708957  0.95436576  0.66068031  0.81652423
  0.79370389  0.70693821  0.45161925  0.71235314  0.83022551  0.77233034
  0.56038161  0.30571565  0.06182044  0.07783482 -0.02303045 -0.03140655
 -0.03505266  0.        ],[ 2.4889411   0.13853617  0.5165578   0.91345282  0.44075154  0.54629908
  0.65993043  0.68956794  0.51664317  0.57072264  0.60442902  0.50650669
  0.62213474  0.55382788  0.39093859  0.11885887 -0.12591016 -0.07851529
 -0.0686541   0.        ],[0.96123691 0.33542175 0.58838394 0.63155244 0.46277017 0.45306679
 0.3916897  0.33403964 0.28241091 0.31939994 0.33372769 0.2901605
 0.23153269 0.33115474 0.63120834 0.43194845 0.40344489 0.36227625
 0.46147238 0.        ],[-0.16562238 -0.0633856   0.47725483  0.77168684  0.8439109   0.72220378
  0.40633972  0.39437035  0.57418642  0.50442547  0.45430217  0.64071193
  0.3448905   0.23512858  0.4429432   0.39467718  0.47462075  0.20664389
  0.22305402  0.        ],[0.35425429 0.06821251 0.27997715 0.7162097  0.86306217 0.70841053
 0.45174153 0.67787944 0.68945972 0.52385981 0.5886554  0.71236515
 0.53007017 0.04847937 0.33413518 0.19186581 0.12018985 0.00779566
 0.0026358  0.        ],[ 0.26256812  0.17969939  0.45528136  0.84224162  0.70229374  0.47988812
  0.33904412  0.72876213  0.84238112  0.63111228  0.31541258  0.28214442
  0.3011504   0.00473882  0.17455899  0.22982486 -0.11011263  0.01529993
  0.03833934  0.        ],[ 0.30310873  0.06839245  0.18112569  0.45432089  0.49284726  0.62614192
  0.4807954   0.51902455  0.58814489  0.33401791  0.20391171  0.11016523
  0.44412707  0.16637373  0.11060344  0.11133497 -0.02321852 -0.00347922
  0.00090916  0.        ],[ 2.70194205e-01  3.20630163e-02  8.41993624e-02  3.47258603e-01
  6.15623160e-01  7.02255063e-01  5.57360221e-01  3.16063464e-01
  4.24163791e-01  1.74820224e-01  1.43192877e-01  3.20699860e-01
  5.62316418e-01 -1.49980710e-01  3.20073996e-02 -3.45949786e-02
 -1.28442262e-02  1.16125879e-03  4.12377685e-04  0.00000000e+00],[ 0.21876856  0.07289093  0.30314269  0.65779257  0.58762886  0.69484175
  0.52780944  0.50287161  0.4043984   0.10921611  0.10272819  0.39567774
  0.5719427   0.071653    0.02706131  0.00524701  0.00080128  0.0012348
 -0.00093787  0.        ],[0. 0. 0. 0. 0. 0. 0. 0. 0. 0. 0. 0. 0. 0. 0. 0. 0. 0. 0. 0.],