[ 0.058272    0.13769184  0.5098784   1.08244305  1.13945869 -0.27307293
  0.51612833  0.26582329  0.84561161  0.6892858   0.18538758  0.13499269
 -0.04440186 -0.00877117  0.        ],[0.25045934 0.28994236 0.34498971 0.48276745 0.38305852 0.54666875
 0.44115136 0.51980094 0.42277188 0.2802214  0.23364948 0.58725565
 0.57540567 0.40034775 0.        ],[-0.0312588   0.3350115   0.57127759  0.41693202  0.2423337   0.43463527
  0.35122779  0.60703041  0.77346976  0.52309013  0.37232453  0.66295118
  0.71246808  0.43814674  0.        ],[-0.18578148  0.50717152  0.56422633  0.39610985  0.30746154  0.55597923
  0.33476893  0.60950619  0.63643911  0.36705472  0.44195987  0.48903683
  0.54556186  0.28308063  0.        ],[0.95615964 0.7281882  0.70024629 0.5107338  0.52473976 0.63913583
 0.64189672 0.65759857 0.66238662 0.66138118 0.53114427 0.35530442
 0.45839147 0.37713731 0.        ],[1.16252622 0.63875149 0.72787394 0.45811103 0.44512508 0.76313066
 0.66979844 0.56302364 0.3983442  0.37347622 0.34090132 0.34446779
 0.3180537  0.44550536 0.        ],[ 1.76012403  0.13857831  0.46718161  0.65873222  0.67545014  0.73036966
  0.49997442  0.63082362  0.59042521  0.12777587  0.22066091  0.02403799
 -0.0943844  -0.1297623   0.        ],[ 9.97357278e-01  9.02776080e-02  2.11536922e-01  8.22392702e-01
  7.31403792e-01  5.71983130e-01  4.87268945e-01  4.07933374e-01
  4.27237483e-01  2.16940973e-01  9.83930323e-03 -4.79064674e-03
  3.31479169e-04  5.90461819e-04  0.00000000e+00],[ 1.56397451  0.21817999  0.19941774  0.63053696  0.45281115  0.42898446
  0.35474364  0.40661178  0.55434793  0.27187192  0.01981397  0.06807366
 -0.05250485 -0.22328131  0.        ],[ 0.94730552  0.00358424  0.19591794  0.8419807   0.70780496  0.31406825
  0.2885147   0.52453588  0.70234481  0.17197201 -0.15836264  0.21438527
  0.23580073 -0.11937689  0.        ],[0.73818611 0.04647589 0.18569511 0.73457478 0.66717557 0.3350392
 0.30757259 0.5956519  0.41935169 0.09996693 0.01824977 0.07514413
 0.12811729 0.12895964 0.        ],[ 0.63982724  0.09841536  0.26832549  0.68753878  0.36940129  0.19396922
  0.42871185  0.41764028  0.34344418  0.09350154 -0.03927856 -0.0244592
 -0.06706045 -0.14207602  0.        ],[ 0.44161977  0.12479473  0.41592379  0.85051479  0.41510692  0.27866027
  0.48164496  0.33437485  0.49820818  0.33823232  0.00319924 -0.01759557
 -0.01218477 -0.02584909  0.        ],[2.21866149e-01 1.50587088e-01 5.21385786e-01 9.86989411e-01
 7.56066580e-01 5.38909879e-01 3.25319648e-01 6.77156775e-02
 2.35463273e-01 6.46391087e-02 5.54842153e-04 1.96134715e-04
 1.84067573e-03 2.08764162e-03 0.00000000e+00],[0. 0. 0. 0. 0. 0. 0. 0. 0. 0. 0. 0. 0. 0. 0.],