[0.0016188  0.01302188 0.03233188 0.04264078 0.01911708 0.02634643
 0.00582536 0.02066385 0.00306428 0.        ],[0.25839818 0.12227114 0.25184014 0.44280777 0.38210113 0.4916305
 0.42318322 0.51443462 0.43930294 0.        ],[0.42967297 0.10849346 0.1819097  0.38817081 0.32325969 0.44718804
 0.37740439 0.47882068 0.40024771 0.        ],[0.53592393 0.04580124 0.00160504 0.14627712 0.07946826 0.17605902
 0.11171228 0.19693763 0.12774525 0.        ],[0.61342053 0.06424773 0.02586316 0.18862715 0.07079621 0.17974784
 0.06016631 0.17312267 0.05577932 0.        ],[0.60691875 0.06721701 0.03839377 0.20990096 0.09915986 0.21323879
 0.10240343 0.21599199 0.10508004 0.        ],[0.52957907 0.05864217 0.03313569 0.18150063 0.08190987 0.18103053
 0.08136097 0.18072822 0.08100212 0.        ],[ 3.96542170e-01  3.47259439e-02 -2.42520743e-04  9.85045293e-02
  3.04787522e-02  9.80313501e-02  3.03007387e-02  9.79812317e-02
  3.00345999e-02  0.00000000e+00],[0.21519641 0.02609428 0.01944387 0.08277564 0.04131197 0.0836657
 0.04189631 0.0845238  0.04249486 0.        ],[0. 0. 0. 0. 0. 0. 0. 0. 0. 0.],