[ 0.42198674  0.40268255  0.59248613  0.75393651  0.32530864 -0.11709827
 -0.42047076  0.36397733  0.75415953  0.59794947  0.52958981  0.15378756
  0.24362321  0.5066514   0.        ],[-0.58177709  0.60450537  0.44607355  0.52060582  0.63472995  0.56209527
  0.44901708  0.61857267  0.42943991  0.38052167  0.4041619   0.33978609
  0.67331054  0.54375164  0.        ],[-0.23018664  0.65894712  0.34333528  0.29215252  0.50563588  0.48181877
  0.59539044  0.67864848  0.68149499  0.44945906  0.353855    0.34996939
  0.71991649  0.56971562  0.        ],[0.71141565 0.62751623 0.32219853 0.33120875 0.45090962 0.50347908
 0.70386981 0.64756645 0.74227144 0.55716553 0.35256867 0.30826201
 0.54549488 0.59510552 0.        ],[0.6454142  0.69079831 0.56404282 0.40120301 0.45255414 0.7129715
 0.77251412 0.65078683 0.64606941 0.58899372 0.42240412 0.47907175
 0.51174294 0.64739419 0.        ],[0.78323641 0.50139882 0.66381962 0.47142229 0.55971006 0.71121154
 0.61045608 0.39802332 0.32068993 0.51170219 0.75977154 0.64387297
 0.60749534 0.62000329 0.        ],[0.6287203  0.68282868 0.75881887 0.6663142  0.44515717 0.53160764
 0.66780669 0.63884484 0.38634537 0.65543886 0.9589249  0.97871991
 0.73761259 0.37962177 0.        ],[0.9959418  0.76229124 0.57707105 0.51047291 0.63500016 0.397007
 0.47632006 0.42673753 0.46754034 0.64358106 0.67072864 0.58419051
 0.31565223 0.24975715 0.        ],[1.92233263 0.53585388 0.4340833  0.47956448 0.63208285 0.5896819
 0.35585693 0.08899327 0.41381248 0.6409533  0.28709476 0.30436427
 0.23836988 0.19076431 0.        ],[0.82697573 0.70527292 0.63033793 0.71627324 0.69786091 0.70233096
 0.82423657 0.88216015 1.05697622 0.83362493 0.76815846 0.89841202
 0.60101431 0.49551867 0.        ],[0.61463156 0.40746394 0.45717425 0.67959305 0.6820332  0.85129486
 0.84643061 0.65846345 0.80747365 0.72239305 0.59993542 0.58977047
 0.84245572 0.68069576 0.        ],[0.71245291 0.52058051 0.47610417 0.47445743 0.42099122 0.7794878
 0.63761405 0.10775865 0.48401272 0.4866365  0.31756552 0.28338534
 0.28284721 0.25469543 0.        ],[ 0.47821873  0.45649742  0.48082021  0.50111642  0.44947834  0.53032103
  0.32565921  0.02715831  0.29658166  0.2657926   0.30959199  0.08880891
 -0.01179527  0.01823522  0.        ],[0.19930419 0.50300626 0.51385855 0.42080775 0.59769575 0.51072979
 0.34757383 0.3233289  0.28052777 0.13203454 0.18191534 0.13063942
 0.16208052 0.14692226 0.        ],[0. 0. 0. 0. 0. 0. 0. 0. 0. 0. 0. 0. 0. 0. 0.],