[ 1.94577656  0.01625927 -0.27460116  0.53184268  0.72714326 -0.24800339
  0.79696538  1.15397219  1.1964787   0.76400781  1.01750294  0.98528984
  0.75986206  0.52689058  0.54978917  0.18335373  0.83110799  0.49312636
  0.38219389  0.        ],[1.19874692 0.69414876 0.6624006  0.73813839 0.39454426 0.48902477
 0.39583641 0.4228209  0.45226232 0.64114173 0.6061127  0.3907188
 0.33449071 0.51968896 0.70113355 0.73243726 0.40094967 0.23820754
 0.4715488  0.        ],[1.03752795 0.84832294 0.83287228 0.67447557 0.39887695 0.36742939
 0.6029973  0.7584707  0.67971806 0.57570524 0.5522931  0.39748632
 0.44475353 0.59392015 0.69226053 0.63415829 0.19893137 0.24675943
 0.39319037 0.        ],[1.14274412 0.64412394 0.69954506 0.6986066  0.45664688 0.48657771
 0.39939926 0.57139269 0.52765763 0.49813519 0.52293899 0.29605245
 0.34533104 0.68957295 0.58905282 0.46933442 0.24150863 0.36178155
 0.29651276 0.        ],[0.78120372 0.73308283 0.70181232 0.7887043  0.59538054 0.6872052
 0.5076758  0.40547317 0.49652191 0.51517711 0.31268662 0.2742638
 0.26279268 0.72175132 0.68922413 0.56981563 0.3001505  0.28609897
 0.55924259 0.        ],[0.59870554 0.6974436  0.47909862 0.66033913 0.57880865 0.64904694
 0.48282333 0.55144954 0.51409238 0.41523903 0.22243331 0.37303884
 0.30590528 0.55489241 0.45425938 0.31926939 0.27797708 0.44310253
 0.72241371 0.        ],[0.52369219 0.52288969 0.32621035 0.54030956 0.35818625 0.34167743
 0.6395364  0.69066326 0.42526192 0.38875296 0.34480313 0.47990646
 0.51974303 0.65766311 0.55215706 0.37502989 0.31885039 0.36706591
 0.62294341 0.        ],[0.83032237 0.56191019 0.4175545  0.33657865 0.163356   0.34799609
 0.65613257 0.58864935 0.68721093 0.50883241 0.47253299 0.35071072
 0.59922647 0.74070108 0.76409116 0.58408944 0.42392001 0.63185888
 0.64002619 0.        ],[0.34512145 0.41232982 0.30266087 0.23583013 0.24832771 0.62004859
 0.61055912 0.6640233  0.77914643 0.62146312 0.48155026 0.52415312
 0.49820574 0.24847885 0.71229566 0.54193921 0.13962057 0.36563349
 0.22186818 0.        ],[0.47468472 0.68279299 0.61596166 0.52605667 0.48577292 0.77237614
 0.57047609 0.70299997 0.60535552 0.74931318 0.66437186 0.60580281
 0.49204339 0.09648788 0.28900203 0.14474583 0.07122687 0.12765431
 0.04201514 0.        ],[ 0.58773315  0.48994626  0.63474077  0.66717142  0.57840184  0.81652423
  0.79370389  0.70643294  0.44936138  0.71006108  0.82681779  0.77224166
  0.57153873  0.3538155   0.09814158  0.11199909 -0.04400919 -0.10925554
 -0.07705056  0.        ],[ 0.70521439  0.41955128  0.65796919  0.69496782  0.38026596  0.54629908
  0.65993043  0.6890827   0.51486164  0.56853191  0.5948883   0.50285344
  0.62422167  0.55946889  0.38026086  0.11222203 -0.1978377  -0.18849274
 -0.08867201  0.        ],[0.79136086 0.45760341 0.64271292 0.54821683 0.43894949 0.45306679
 0.3916897  0.33209784 0.27197043 0.30529412 0.32574892 0.29100257
 0.23190354 0.32720075 0.616505   0.40283842 0.32249791 0.31656906
 0.46241541 0.        ],[0.90878893 0.27264531 0.6093211  0.57106597 0.7843516  0.72220378
 0.40633972 0.38564841 0.52663047 0.4422055  0.43415438 0.65317219
 0.34912099 0.22775108 0.40023894 0.29841504 0.21638669 0.11190624
 0.22700375 0.        ],[ 0.77413768  0.43954519  0.42676271  0.49245457  0.79806027  0.70841053
  0.45174153  0.67230242  0.65777158  0.47787044  0.57013092  0.71916985
  0.54396113  0.09980215  0.38294299  0.2427475   0.06527249 -0.02236449
 -0.01918869  0.        ],[-0.09328058  0.46139351  0.56911896  0.66823436  0.65292405  0.47988812
  0.33904412  0.7338831   0.86842646  0.64661803  0.26747449  0.24606206
  0.31557067  0.13826112  0.43596986  0.42206997 -0.06434711  0.00884277
  0.05590339  0.        ],[ 0.11213923  0.11785762  0.21373494  0.40461634  0.47844484  0.62614192
  0.4807954   0.52327006  0.64897508  0.55967056  0.44970797  0.22773984
  0.46054713  0.23190617  0.41762577  0.27300719 -0.00387776 -0.00223234
  0.01165994  0.        ],[ 3.33289970e-01  5.30669154e-02  8.54378598e-02  3.45324048e-01
  6.15216744e-01  7.02255063e-01  5.57360221e-01  3.32766970e-01
  5.82412215e-01  6.48914382e-01  6.26735181e-01  5.14335674e-01
  5.66089919e-01 -2.15194799e-01  1.02409874e-01  8.30298938e-03
 -9.43237540e-03  3.15204245e-04  6.17593054e-04  0.00000000e+00],[ 5.54216144e-01  1.78975042e-01  3.06857683e-01  6.51863602e-01
  5.86743676e-01  6.94841750e-01  5.27809436e-01  5.18750902e-01
  5.31095998e-01  4.28848245e-01  3.80279121e-01  4.87692485e-01
  5.98200261e-01  1.75975615e-01  2.36958064e-01  1.74583449e-01
  2.55004650e-02 -3.51400524e-04 -7.25464516e-04  0.00000000e+00],[0. 0. 0. 0. 0. 0. 0. 0. 0. 0. 0. 0. 0. 0. 0. 0. 0. 0. 0. 0.],