[-0.003746    0.06924552  0.04331592  0.07463615  0.45330831  0.22741253
 -0.22082992  0.50149145  0.52784437  0.38357618  0.39689442  0.23226639
  0.51602548  0.72774725  0.86386641  0.8494112   0.41531976  0.43525898
  0.86976101  0.        ],[0.65626958 0.493151   0.4241932  0.42666603 0.48492533 0.579886
 0.38732151 0.38914798 0.53705477 0.55445805 0.80085847 0.70085039
 0.39933026 0.51704095 0.69392258 0.5703783  0.51295721 0.43635254
 0.38478853 0.        ],[0.34633594 0.48287596 0.48996151 0.41261233 0.41789548 0.60476346
 0.57916141 0.49742044 0.52426505 0.5270497  0.74938499 0.8048856
 0.56354892 0.51504742 0.52532488 0.53775948 0.59913423 0.56515394
 0.36502636 0.        ],[-0.29801485  0.24852867  0.38590725  0.28624111  0.37565922  0.48164336
  0.52382748  0.66999922  0.51724669  0.44879427  0.49600033  0.66387644
  0.76521354  0.59966406  0.42848294  0.61730681  0.61682863  0.67090278
  0.56217172  0.        ],[0.19357747 0.30153427 0.45160786 0.58835975 0.58220146 0.59598573
 0.572548   0.54593358 0.54948606 0.60960382 0.58401761 0.55883322
 0.46865848 0.50474992 0.53375061 0.51146419 0.46120944 0.45762136
 0.43134147 0.        ],[0.33770153 0.43681755 0.50828718 0.53516903 0.49510016 0.52013904
 0.48515407 0.52662969 0.49127527 0.50248092 0.46268691 0.49784944
 0.4875494  0.52047882 0.46897118 0.50543265 0.48003168 0.5192424
 0.48877959 0.        ],[0.55870347 0.6349238  0.59884831 0.5271202  0.57666984 0.52757787
 0.57093805 0.51440459 0.54886462 0.50023946 0.53332149 0.47911418
 0.49583974 0.43676079 0.46053376 0.40401991 0.4163221  0.3573248
 0.36643426 0.        ],[0.48730002 0.23172456 0.3231985  0.52919506 0.36706287 0.46645881
 0.31732934 0.40725062 0.27546141 0.35446228 0.23803035 0.31168075
 0.21673091 0.29027301 0.21089398 0.28230344 0.22374968 0.29790646
 0.25896217 0.        ],[0.30811011 0.20909176 0.20810732 0.2472558  0.21436525 0.26208075
 0.2285571  0.29620451 0.26088015 0.34667789 0.31040547 0.41046576
 0.3703078  0.47908208 0.43472563 0.54980214 0.49798087 0.61376599
 0.55164637 0.        ],[0.24302649 0.3071542  0.39008913 0.4652306  0.47886662 0.52480822
 0.53966446 0.5762361  0.58890856 0.6154901  0.62196328 0.63828671
 0.63684459 0.64443308 0.63330652 0.63295936 0.61184254 0.60595697
 0.57589162 0.        ],[0.47619046 0.43503992 0.53227182 0.65613564 0.57901367 0.64011214
 0.56033306 0.61293256 0.5324217  0.57754232 0.49878406 0.53803455
 0.46317588 0.49773738 0.42889651 0.46047496 0.39927952 0.42920984
 0.37646228 0.        ],[0.88606413 0.43344135 0.3853406  0.52737808 0.4121206  0.50553596
 0.39276797 0.48670949 0.3765965  0.47120266 0.36382946 0.45882401
 0.35397107 0.44893595 0.346322   0.44024253 0.33965207 0.43144939
 0.33258327 0.        ],[0.61382812 0.34681102 0.35985675 0.48774496 0.38978081 0.47000813
 0.3694628  0.45022406 0.34741334 0.42893829 0.32420825 0.40694332
 0.30087744 0.38529005 0.27855427 0.36536471 0.25860276 0.3486176
 0.2426475  0.        ],[0.54564361 0.27371405 0.25168214 0.34252137 0.2615168  0.32030618
 0.24287933 0.30556544 0.23218499 0.29926026 0.23003673 0.30191479
 0.23661334 0.31355665 0.25178999 0.33385311 0.27514097 0.36219428
 0.30572431 0.        ],[0.73375327 0.26452879 0.20059969 0.340648   0.26179052 0.3650667
 0.29102171 0.39317579 0.32297135 0.4237537  0.35663742 0.45531658
 0.39053358 0.48644315 0.42338084 0.51598707 0.45408476 0.54283817
 0.48168094 0.        ],[1.05241659 0.42829611 0.33030489 0.49868662 0.38887239 0.51449528
 0.40417662 0.53071773 0.4210878  0.54713062 0.43772688 0.56337614
 0.4547569  0.58006636 0.47218569 0.59673063 0.48909333 0.61248649
 0.50456352 0.        ],[0.0671631  0.28899801 0.42586921 0.4816656  0.47816553 0.51983802
 0.50963048 0.55757262 0.53577765 0.59173881 0.56202535 0.62413533
 0.58481255 0.65099665 0.60128112 0.67078523 0.61201091 0.68478509
 0.61937765 0.        ],[-0.04937059  0.4345533   0.6447563   0.66743378  0.69145802  0.67329957
  0.68752242  0.66803446  0.68958613  0.66513633  0.67776919  0.65044642
  0.65799935  0.63308425  0.63954871  0.62045249  0.62376971  0.61087949
  0.60389655  0.        ],[0.23001377 0.4322802  0.54963605 0.58140601 0.53937459 0.56252049
 0.55697786 0.5727662  0.53631401 0.54638455 0.53541648 0.54657149
 0.55156685 0.55442841 0.55804677 0.54033815 0.53963233 0.49672698
 0.50778679 0.        ],[0. 0. 0. 0. 0. 0. 0. 0. 0. 0. 0. 0. 0. 0. 0. 0. 0. 0. 0. 0.],