[-0.00727776  0.39116415  0.6596688   0.75626129  0.76458677  1.20016932
  0.33774373 -0.03029124  1.50305217  1.64141522  0.68351466  0.82635106
  0.98263161  0.96480832  0.15891453  0.39688561  0.52228665  0.24958738
  0.18242253  0.        ],[0.3441548  0.60204154 0.48918868 0.39206055 0.32433782 0.46189981
 0.7163301  0.52833757 0.34990391 0.32101848 0.64087069 0.70877333
 0.39980694 0.25902086 0.36976567 0.36192725 0.43192559 0.41460206
 0.57876472 0.        ],[0.21010266 0.29370282 0.340547   0.28591101 0.36869223 0.6646236
 0.60759889 0.63604153 0.68338071 0.47806898 0.45035198 0.6693674
 0.46928815 0.45246274 0.52804869 0.56310801 0.63334161 0.4773748
 0.56506851 0.        ],[-0.0130334   0.55426462  0.69218469  0.57422915  0.44977135  0.62225375
  0.4703342   0.72193885  0.66172863  0.6397098   0.66418127  0.80418068
  0.81870671  0.62950663  0.521722    0.7726776   0.8402151   0.40985798
  0.27646547  0.        ],[0.48265869 0.58990296 0.64394667 0.78828686 0.62901794 0.66604339
 0.61157576 0.77330989 0.74412312 0.51121072 0.39989343 0.81358845
 0.78143092 0.36531041 0.35091542 0.63697156 0.46387326 0.21211077
 0.13733985 0.        ],[0.39160424 0.56397913 0.48130407 0.76942524 0.64803907 0.36449534
 0.34963022 0.64392035 0.79273996 0.52882012 0.31185261 0.70242537
 0.47902605 0.45740938 0.59627616 0.3415695  0.22536581 0.38367031
 0.37903249 0.        ],[0.82537885 0.67700791 0.67023106 0.66998449 0.50346477 0.35675003
 0.26143767 0.39503263 0.62967464 0.41899207 0.40764769 0.61730623
 0.40098532 0.4478124  0.4800794  0.31005789 0.36508732 0.35154699
 0.4438767  0.        ],[1.03423236 0.64543508 0.67917    0.56210665 0.37530189 0.33172566
 0.57774818 0.41798652 0.55871509 0.54439935 0.54068013 0.59159753
 0.39849813 0.49061037 0.48892367 0.38796924 0.42238756 0.32443429
 0.52355615 0.        ],[0.41159347 0.64696134 0.62248743 0.53885737 0.46047816 0.55088808
 0.6556876  0.42776189 0.55579326 0.73767338 0.39883751 0.28888581
 0.42853947 0.93588467 0.93972958 0.33439734 0.3589649  0.47046929
 0.67006534 0.        ],[0.10794486 0.36469275 0.375742   0.56431372 0.68853504 0.41442231
 0.39427187 0.38782546 0.57351    0.87324692 0.43181211 0.04083681
 0.20307031 0.74194094 0.84134531 0.19296486 0.44291755 0.65555379
 0.61549165 0.        ],[0.21468452 0.31721602 0.52052406 0.63682945 0.7761298  0.63230236
 0.52234167 0.30269776 0.64290073 0.91186201 0.50307995 0.02464492
 0.12846012 0.5634546  0.72146275 0.26816167 0.59757806 0.89270575
 0.58650108 0.        ],[-0.62750033  0.51984782  0.70792598  0.79319609  0.7852116   0.73981371
  0.66944073  0.3474178   0.64332312  0.95022261  0.40444347  0.01378144
  0.24016251  0.69517612  0.7637891   0.63428203  0.89759555  0.81722365
  0.36367117  0.        ],[-0.57685043  0.4642261   0.50791944  0.44659336  0.62872056  0.46508423
  0.58910295  0.48812057  0.73083595  0.7449058   0.25098238  0.38466866
  0.61820396  0.72488739  0.53011408  0.66391266  0.71361017  0.49993108
  0.34321425  0.        ],[-0.36660574  0.50571106  0.48849933  0.29983347  0.37159011  0.56654153
  0.3520226   0.30093198  0.58067276  0.51781816  0.16361491  0.37204296
  0.53315463  0.61233318  0.65595155  0.40680382  0.74961404  0.88100798
  0.65856822  0.        ],[0.17937014 0.45924977 0.50680623 0.57756016 0.57079895 0.44485402
 0.59854439 0.44447942 0.63832318 0.73821386 0.50755018 0.42677132
 0.6312368  0.73335874 0.91930699 0.57992797 0.77793597 0.8977319
 0.49870886 0.        ],[0.7051899  0.37195014 0.58591082 0.63188039 0.44703114 0.37068343
 0.71244135 0.70549853 0.69183993 0.92452395 0.56524898 0.31401361
 0.59996711 0.62694041 0.71892881 0.45521696 0.73175861 0.64336727
 0.3206796  0.        ],[0.34787332 0.45969686 0.63927982 0.73922016 0.48042606 0.360032
 0.71604321 0.6975046  0.80634333 0.83673302 0.37445057 0.38155372
 0.39898548 0.55784341 0.55950912 0.58921914 0.77531791 0.28402886
 0.24527888 0.        ],[0.32437337 0.49403091 0.53371509 0.44185986 0.42597995 0.58939869
 0.66276582 0.43819271 0.6565729  0.8252775  0.21308235 0.2597895
 0.58570012 0.76080631 0.42849803 0.44967893 0.55560194 0.22312518
 0.28567614 0.        ],[ 0.27954321  0.52735969  0.51420027  0.39747617  0.49616903  0.45624229
  0.46175824  0.57367584  0.59229142  0.47694078  0.08916792  0.20889948
  0.56237854  0.77861054  0.38268009  0.37875858  0.60770971  0.12355924
 -0.03008792  0.        ],[0. 0. 0. 0. 0. 0. 0. 0. 0. 0. 0. 0. 0. 0. 0. 0. 0. 0. 0. 0.],