[-0.01763099  0.06199925  0.04796044  0.01916376  0.16979492  0.20920634
  0.07984589  0.35798846  0.28434446  0.30534241  0.3693744   0.38085396
  0.54535289  0.56021746  0.63944795  0.68285134  0.5912724   0.61251986
  0.79295396  0.        ],[0.61864779 0.46001018 0.41615177 0.43660667 0.44079831 0.53767702
 0.42741056 0.3962909  0.51343086 0.53628445 0.73516689 0.67954669
 0.4449488  0.51457175 0.6339969  0.52383968 0.51528816 0.46518138
 0.38823433 0.        ],[0.37080432 0.42957824 0.46127026 0.46143381 0.45772269 0.57120314
 0.53803323 0.5067775  0.5612542  0.5662443  0.71570094 0.72733981
 0.55449162 0.55610989 0.55651819 0.53727458 0.54573695 0.53905878
 0.39721806 0.        ],[-0.16378437  0.17279249  0.32247536  0.33868112  0.37300623  0.47855429
  0.50453137  0.62490408  0.50880355  0.5156703   0.50951859  0.62646256
  0.69883288  0.61953014  0.47857175  0.6259435   0.60174904  0.67396601
  0.59518536  0.        ],[0.32744573 0.16425794 0.33031477 0.60076768 0.50027972 0.62145969
 0.51002248 0.59428189 0.51391717 0.63174057 0.54017193 0.61044135
 0.47529767 0.56687769 0.52623391 0.57167599 0.48601184 0.53090525
 0.45706473 0.        ],[0.22099867 0.18171195 0.36501526 0.57908861 0.44160564 0.57545078
 0.43562061 0.5832761  0.43854759 0.57128969 0.42289864 0.56682452
 0.43144761 0.57857648 0.4120199  0.56011143 0.40826243 0.55607334
 0.40142772 0.        ],[0.33620649 0.3250031  0.446571   0.58668605 0.51108174 0.57923564
 0.50323492 0.55922869 0.48156507 0.53670271 0.45998346 0.50688288
 0.42204197 0.46080934 0.38249262 0.42258426 0.33898786 0.37866489
 0.29486451 0.        ],[0.47102531 0.08416116 0.21553254 0.52106422 0.29208968 0.46456524
 0.24022803 0.41217212 0.19575564 0.36596362 0.1595153  0.33043213
 0.13992733 0.31522995 0.13814359 0.31442694 0.15482432 0.3342159
 0.19164963 0.        ],[0.40392695 0.10050795 0.11777109 0.26834064 0.16868196 0.28394213
 0.18696993 0.31943513 0.22240649 0.37104943 0.27369534 0.4361169
 0.33495604 0.50592551 0.39861037 0.57610669 0.45922847 0.6387055
 0.51005703 0.        ],[0.36137999 0.15635983 0.26935783 0.4955059  0.41126145 0.55391839
 0.4709564  0.6038185  0.51914957 0.64066385 0.55114244 0.66052138
 0.56430367 0.66281048 0.55899338 0.64746552 0.53651512 0.6175241
 0.5000397  0.        ],[0.38290601 0.22349849 0.40146218 0.66598214 0.50455164 0.65126489
 0.48572193 0.62513066 0.45760685 0.59129633 0.42472445 0.55365678
 0.38996611 0.51626297 0.35747261 0.48267002 0.33075118 0.45532609
 0.31090738 0.        ],[0.53853294 0.18827919 0.2786016  0.52780514 0.35673672 0.50885212
 0.33855542 0.49342814 0.32435715 0.48141877 0.31343722 0.47226951
 0.30499302 0.46485526 0.29794949 0.45788543 0.29071024 0.44973722
 0.28199961 0.        ],[0.38357568 0.15097271 0.26519083 0.48967578 0.34075402 0.47448784
 0.32217093 0.45644261 0.30101596 0.43596471 0.27771117 0.41406489
 0.253879   0.39207432 0.2309601  0.37214144 0.21105637 0.3558702
 0.19593449 0.        ],[0.36496541 0.11959244 0.17724823 0.34345021 0.21953486 0.32236359
 0.20070825 0.30915828 0.18949582 0.30447801 0.18734948 0.30928816
 0.19456308 0.32331165 0.21036183 0.34568289 0.23386545 0.37501636
 0.26325031 0.        ],[0.30938318 0.08057652 0.14824577 0.32728268 0.23682345 0.35356064
 0.26674664 0.38358916 0.29863901 0.41468936 0.33074154 0.44520568
 0.36160836 0.47391906 0.38982466 0.49987709 0.41530587 0.52351535
 0.43825298 0.        ],[0.48770937 0.18220651 0.26082031 0.48318448 0.35524239 0.49631245
 0.36691885 0.50770319 0.37842284 0.51883732 0.39042216 0.53143419
 0.40510001 0.54725933 0.42347018 0.56563417 0.44321265 0.58434398
 0.46204307 0.        ],[0.04163658 0.11087455 0.29788214 0.47625933 0.39706076 0.50599856
 0.42844362 0.54208603 0.46203289 0.58147901 0.4984144  0.61824762
 0.52789417 0.64501761 0.54417859 0.65530698 0.5440565  0.65023167
 0.53063942 0.        ],[0.02542561 0.23845134 0.48387612 0.66484011 0.59508085 0.68967915
 0.60780318 0.69018537 0.60275631 0.66511222 0.56148064 0.61213732
 0.49949556 0.54452031 0.43045642 0.48073451 0.36761445 0.42287747
 0.30611535 0.        ],[0.10058601 0.19290085 0.40305993 0.58229801 0.42838736 0.48231953
 0.33762248 0.3878116  0.22414943 0.29683612 0.16703525 0.25417885
 0.14771923 0.24512045 0.14484908 0.21975351 0.1118582  0.16176012
 0.05330416 0.        ],[0. 0. 0. 0. 0. 0. 0. 0. 0. 0. 0. 0. 0. 0. 0. 0. 0. 0. 0. 0.],