[0.31181398 0.23741673 0.32101879 0.46882873 0.49663405 0.59451991
 0.49815208 0.56055208 0.54100599 0.77851754 0.71390908 0.72488259
 0.81730091 0.68793274 0.74491217 0.60678276 0.65620981 0.53794237
 0.49446256 0.        ],[0.54082587 0.39956988 0.44364787 0.5238781  0.37418259 0.56115895
 0.5039594  0.55224932 0.55797083 0.55729374 0.47560548 0.65564579
 0.49937859 0.46882153 0.47324305 0.51160992 0.59845896 0.62056644
 0.49886049 0.        ],[0.44059054 0.32837957 0.42207543 0.55728439 0.40030984 0.51453102
 0.55309747 0.56498014 0.50603212 0.464644   0.4305951  0.62083858
 0.42002012 0.52446626 0.46185038 0.56114122 0.47607182 0.61214294
 0.42137335 0.        ],[0.21941475 0.1669727  0.32597981 0.54656162 0.47223821 0.47361156
 0.55679369 0.55861394 0.41966147 0.46739062 0.47461205 0.57806949
 0.46535339 0.65471436 0.54303929 0.62623146 0.36231527 0.5371909
 0.34085649 0.        ],[0.33899863 0.23357983 0.35034347 0.52004857 0.41040953 0.54256535
 0.39417216 0.52175105 0.42923929 0.54423329 0.42151821 0.51829685
 0.42392625 0.49668033 0.40189378 0.50459105 0.45716457 0.53099372
 0.46210284 0.        ],[0.24281985 0.16236514 0.41707181 0.73418204 0.55778526 0.73263457
 0.5653108  0.73924975 0.55364894 0.73376495 0.55916125 0.74298719
 0.55803751 0.74948044 0.56563594 0.74912113 0.55183209 0.74186754
 0.55073995 0.        ],[0.26354828 0.13243152 0.33634062 0.6183547  0.45699705 0.62571778
 0.46004419 0.62861701 0.46756823 0.63545206 0.47031171 0.63815073
 0.47420617 0.64018352 0.47657764 0.64487459 0.48180815 0.64845452
 0.48404673 0.        ],[0.46276945 0.27549055 0.39500218 0.60857818 0.47975901 0.60573525
 0.47845144 0.60380378 0.47564531 0.60100931 0.47422354 0.59940744
 0.47274163 0.59797475 0.4716579  0.59605259 0.46912272 0.59412498
 0.46802718 0.        ],[0.22836575 0.07626115 0.24245864 0.49244434 0.34768615 0.49614313
 0.35107054 0.49909266 0.35405232 0.50259661 0.35690697 0.5049867
 0.35969316 0.50734863 0.3615045  0.50930094 0.36363457 0.5112024
 0.36488489 0.        ],[0.39859903 0.28346722 0.50397148 0.79713655 0.62858282 0.79875918
 0.63069054 0.80041062 0.6320931  0.80190009 0.63329838 0.80316567
 0.63473508 0.80432183 0.63555475 0.80521385 0.63635645 0.80597755
 0.63691094 0.        ],[0.35468295 0.29582626 0.48754517 0.72455137 0.58959171 0.72335408
 0.59060615 0.7225851  0.59137771 0.72149068 0.59154542 0.72059672
 0.59208068 0.71967565 0.592175   0.7189567  0.59215943 0.71824689
 0.59187318 0.        ],[0.3781815  0.10293353 0.21897668 0.46757153 0.31681907 0.47063367
 0.3185334  0.47298529 0.31974193 0.4749996  0.32060819 0.47676451
 0.32169296 0.47850571 0.32245384 0.47961312 0.32297694 0.48057216
 0.32334675 0.        ],[0.18666363 0.09864723 0.20859647 0.36865267 0.27574326 0.36848938
 0.27630162 0.36811717 0.27669231 0.36796741 0.27669513 0.36749643
 0.27700789 0.36738104 0.2772221  0.3671801  0.27723387 0.36674397
 0.2770184  0.        ],[0.37824435 0.18287767 0.18386244 0.27108794 0.21278546 0.2668396
 0.21094022 0.26359616 0.20948363 0.26068423 0.20785621 0.25793025
 0.20655908 0.25569046 0.20542844 0.25372965 0.20434368 0.25186101
 0.20348399 0.        ],[0.24750318 0.071365   0.20555762 0.43092876 0.29847209 0.4344227
 0.30097908 0.43759709 0.3035212  0.44085461 0.30581887 0.44332147
 0.30765258 0.44561847 0.30964471 0.44785866 0.31124881 0.44952974
 0.31246188 0.        ],[0.27042483 0.22662016 0.38495294 0.5785801  0.46851429 0.57895219
 0.46931911 0.57954979 0.47001037 0.57990977 0.47071423 0.58015836
 0.47078635 0.58025778 0.47132211 0.58051938 0.47144512 0.58064898
 0.47151595 0.        ],[0.01932995 0.11116976 0.27476039 0.41485447 0.34155511 0.41609727
 0.34313054 0.41712585 0.34446784 0.41816384 0.34598817 0.41891411
 0.34676474 0.41966141 0.34795431 0.42026545 0.34853232 0.42071834
 0.3490304  0.        ],[0.11699383 0.22080349 0.42317591 0.60052426 0.50703976 0.60193574
 0.50879901 0.60319969 0.51028137 0.60428503 0.51166253 0.60543973
 0.51321349 0.60672475 0.51462446 0.60762058 0.51551428 0.60846874
 0.51649326 0.        ],[0.03240954 0.26078231 0.58931706 0.85073127 0.71657788 0.85418011
 0.71966421 0.85620635 0.72164348 0.8580473  0.7239886  0.8609484
 0.72733902 0.86311522 0.72924034 0.86464122 0.73113401 0.86643634
 0.73215273 0.        ],[0. 0. 0. 0. 0. 0. 0. 0. 0. 0. 0. 0. 0. 0. 0. 0. 0. 0. 0. 0.],