[ 0.17999407  0.12458435  0.4903907   1.11842302  1.14996902 -0.25653546
  0.59859936  0.36437504  0.96673412  0.86529452  0.27007826  0.20130551
 -0.0455678  -0.00739657  0.        ],[0.26001389 0.29064868 0.34557789 0.48140878 0.38264867 0.54888723
 0.45223547 0.53281903 0.43570018 0.29544472 0.24494675 0.5944069
 0.57509152 0.40064713 0.        ],[-0.04182164  0.33462231  0.56992458  0.41959002  0.243149    0.4335151
  0.34562452  0.60022549  0.76677194  0.51757134  0.36643388  0.65986504
  0.7128884   0.43807639  0.        ],[-0.16730613  0.50737218  0.56632852  0.39217104  0.30623591  0.55767665
  0.34325957  0.61971182  0.64618145  0.37536778  0.45088682  0.4937253
  0.54492578  0.28318633  0.        ],[0.96172629 0.72830312 0.70094438 0.50941457 0.52433153 0.63966747
 0.6445563  0.66079669 0.66541073 0.66387573 0.53393894 0.35674928
 0.45819056 0.37717221 0.        ],[1.15499311 0.63958575 0.7292597  0.45599589 0.44449241 0.76346865
 0.68022414 0.5998586  0.40823451 0.37378768 0.34140975 0.34604578
 0.32134211 0.44728449 0.        ],[ 1.72195218  0.14273031  0.47410476  0.6481648   0.67228999  0.73178885
  0.54194614  0.77816345  0.62970706  0.12890207  0.2226461   0.03032904
 -0.08133864 -0.12270868  0.        ],[ 9.49120713e-01  9.51672267e-02  2.19817540e-01  8.09751348e-01
  7.27627155e-01  5.72388014e-01  4.88888482e-01  4.07933374e-01
  4.25554918e-01  2.16218090e-01  9.53915304e-03 -4.89695704e-03
 -2.74385525e-04  2.25962506e-04  0.00000000e+00],[ 1.51486675  0.22296609  0.20631619  0.61999146  0.44968819  0.42916478
  0.32937939  0.30168482  0.52546047  0.27341613  0.02739743  0.08797377
 -0.00759306 -0.19675741  0.        ],[ 0.90401402  0.00831131  0.19739169  0.83966724  0.70723726  0.31785257
  0.34567388  0.69872803  0.75527914  0.18783678 -0.11653626  0.32271338
  0.47993166  0.02381651  0.        ],[0.70648708 0.05015712 0.1864804  0.7333246  0.66690162 0.33710245
 0.36194465 0.78289811 0.46908094 0.1067306  0.03492732 0.11490972
 0.22113962 0.18715119 0.        ],[ 0.64653813  0.09652607  0.27042553  0.68437526  0.36837337  0.1940884
  0.42570745  0.40350225  0.33920874  0.09510711 -0.04075233 -0.03679718
 -0.11077014 -0.17174634  0.        ],[ 0.4378328   0.11962394  0.41477721  0.85228988  0.41558925  0.27913202
  0.50929139  0.43820682  0.52741145  0.34825579  0.01128079 -0.01267754
 -0.02124318 -0.03130086  0.        ],[ 0.20766266  0.15723757  0.52608463  0.97979831  0.75395182  0.53985011
  0.34951938  0.15071632  0.2577252   0.06555169 -0.00776221 -0.00789312
  0.00215495  0.00214945  0.        ],[0. 0. 0. 0. 0. 0. 0. 0. 0. 0. 0. 0. 0. 0. 0.],