[-1.73679819e-05  1.80950941e-01  4.39696484e-01  5.37006830e-01
  5.50887384e-02  1.28786343e-03 -1.46502816e-01  5.09661880e-02
 -3.10111169e-02  0.00000000e+00],[0.17253571 0.36437459 0.32937087 0.62630367 0.60729596 0.52570867
 0.39851248 0.47938732 0.47993551 0.        ],[-0.02530091  0.44581739  0.39407725  0.64892941  0.63089775  0.64007701
  0.54315268  0.45399477  0.56264812  0.        ],[0.10841942 0.60140196 0.31956355 0.51801869 0.33932446 0.5109755
 0.44192475 0.19301783 0.37417376 0.        ],[1.46761405 0.54765782 0.5651656  0.63683493 0.26098159 0.20805258
 0.28466729 0.07167495 0.12901018 0.        ],[ 0.31657694  0.66506205  0.63003908  0.71989851  0.10415403  0.08604872
  0.2494905   0.07570401 -0.10262653  0.        ],[ 0.58787267  0.59629525  0.5492137   0.54891358  0.22946364  0.2596261
  0.28467848  0.11898527 -0.14016207  0.        ],[ 0.66248724  0.43713072  0.41555332  0.45646847  0.34253805  0.29025932
 -0.01682804 -0.0429389   0.03079851  0.        ],[0.3398789  0.41076985 0.3386291  0.27141476 0.49843401 0.48977582
 0.11974889 0.08236476 0.0893726  0.        ],[0. 0. 0. 0. 0. 0. 0. 0. 0. 0.],