[-0.13601145  0.3069865   0.70806252  0.91322156  0.60181739  0.53364473
  0.35696853  0.30246674  0.28500048  0.21078587  0.34261469  0.31283982
  0.52085707  0.52991689  0.        ],[0.16123484 0.40880286 0.50613303 0.46374814 0.32813349 0.36273475
 0.35866984 0.40317743 0.38433799 0.43317848 0.48938832 0.45204956
 0.50640266 0.43814179 0.        ],[0.36382817 0.32249761 0.35512645 0.4091323  0.39089976 0.45622327
 0.5061465  0.55001702 0.56064726 0.59083957 0.58519946 0.55509873
 0.5393165  0.49364845 0.        ],[0.4669155  0.13746033 0.23957699 0.53363658 0.52759411 0.60434845
 0.58836991 0.61572854 0.6147658  0.60139754 0.53414044 0.54993641
 0.49990757 0.54268321 0.        ],[0.4403556  0.08156198 0.17215547 0.41230304 0.24084743 0.40161021
 0.22721752 0.3813482  0.20605049 0.35513492 0.20974313 0.34857957
 0.20851513 0.33097251 0.        ],[0.43744371 0.15024171 0.23621131 0.44890889 0.32311656 0.45087937
 0.32152143 0.45307924 0.32173567 0.45853566 0.31408107 0.4525193
 0.3046333  0.44791321 0.        ],[0.59613342 0.09567702 0.1218099  0.35536513 0.19057602 0.33586079
 0.1757784  0.31753404 0.1613594  0.29979819 0.15232263 0.29099024
 0.14970218 0.2873378  0.        ],[0.53364726 0.06728127 0.10982838 0.35016345 0.20279719 0.3686601
 0.21983237 0.39407188 0.24305233 0.42533642 0.27188635 0.45919037
 0.30168912 0.4914475  0.        ],[0.49616935 0.13517664 0.18470443 0.39366047 0.28600513 0.41789958
 0.31028515 0.43428425 0.32346465 0.43867202 0.32258892 0.42882695
 0.30482193 0.40218602 0.        ],[0.52030815 0.11876231 0.22421104 0.49985114 0.30875821 0.46728234
 0.26742318 0.41773492 0.21123739 0.35559653 0.14733336 0.28653191
 0.08070723 0.21803665 0.        ],[ 0.42779756  0.04996772  0.02537159  0.14243595  0.00272332  0.08002488
 -0.06112075  0.03224295 -0.10700001  0.00535174 -0.13016209  0.00344569
 -0.12743567  0.02686293  0.        ],[ 0.32193208 -0.002847   -0.06131209  0.01848924 -0.00702879  0.06491056
  0.04868924  0.12811684  0.11761014  0.20317254  0.19583417  0.28005801
  0.26981965  0.34985446  0.        ],[0.22619795 0.07537886 0.16472436 0.32966658 0.26191018 0.37132732
 0.29995394 0.39819499 0.32151401 0.40081489 0.3093785  0.38145767
 0.27770482 0.33992366 0.        ],[0.16034377 0.09689982 0.19171573 0.32145467 0.24906094 0.29791196
 0.20460241 0.24872437 0.13215518 0.19091157 0.09785822 0.14102189
 0.06136227 0.10642725 0.        ],[0. 0. 0. 0. 0. 0. 0. 0. 0. 0. 0. 0. 0. 0. 0.],