[-0.10161235 -0.04657907  0.20323614  0.45828443  0.39812752  0.37779276
  0.05390184 -0.02071417 -0.00872836  0.        ],[0.61949147 0.62063111 0.47761265 0.40173018 0.65865561 0.70798473
 0.4012058  0.19499899 0.50895975 0.        ],[0.62886676 0.54504237 0.32413119 0.25289523 0.55038812 0.78358557
 0.66729376 0.38668601 0.60731253 0.        ],[0.43472956 0.32885055 0.35014935 0.29820451 0.32146452 0.66807398
 0.67513886 0.4662601  0.40547838 0.        ],[0.87925522 0.07000943 0.19734675 0.48253573 0.35204757 0.48701689
 0.11453919 0.19321726 0.07927306 0.        ],[ 0.71085336  0.22236918  0.21920867  0.59962459  0.54165609  0.39770002
  0.18257482 -0.12870542 -0.02139452  0.        ],[ 0.66969415  0.44213966  0.48445465  0.65499314  0.55437778  0.58643209
  0.30115596 -0.05780003 -0.00085909  0.        ],[ 7.42676277e-01  1.06917867e-01  5.31522457e-01  1.16147287e+00
  5.07796773e-01  3.64740590e-01  2.05556934e-02  5.13956261e-04
 -2.98307601e-04  0.00000000e+00],[ 5.32108318e-02  2.48348034e-01  6.58275913e-01  8.56592935e-01
  8.19510401e-02  7.73336599e-03  1.44896765e-02 -2.49412648e-04
 -2.93651704e-04  0.00000000e+00],[0. 0. 0. 0. 0. 0. 0. 0. 0. 0.],