[-1.07180145  0.3321649   0.82360569  0.76114045  0.59275935 -0.21812631
  0.59562399  0.43822678  1.35483434  1.57643133  0.97214202  0.73395888
  0.32234873  0.60444536  0.        ],[1.06406599 0.39838586 0.47001982 0.7105273  0.61483563 0.63805754
 0.56066508 0.32636253 0.25561015 0.53622393 0.76378552 0.81326051
 0.73253973 0.52830444 0.        ],[0.90551288 0.39288629 0.45967421 0.68283062 0.64161074 0.61801037
 0.58662678 0.38463355 0.23512584 0.47606829 0.56458872 0.80211186
 0.77018559 0.57563143 0.        ],[-0.18092749  0.51238061  0.57870797  0.39120021  0.51908264  0.67393366
  0.58468324  0.5186582   0.22499345  0.41229889  0.55080879  0.62637096
  0.52015663  0.61829455  0.        ],[0.66970745 0.43010728 0.56214188 0.46801164 0.48992569 0.55822441
 0.66713179 0.53606109 0.37663199 0.57100285 0.81440164 0.75486514
 0.32089904 0.45630543 0.        ],[0.58226333 0.42076255 0.35642531 0.65582931 0.64936277 0.47136723
 0.51527376 0.66434697 0.52786057 0.43507705 0.7144233  0.6837934
 0.43907591 0.66350952 0.        ],[0.29167263 0.32816689 0.24184435 0.59021626 0.45318057 0.66273616
 0.89628141 0.83716092 0.57012761 0.69647193 0.66928672 0.48891492
 0.7118828  0.61308623 0.        ],[1.02722413 0.41102121 0.44840103 0.75231562 0.47891594 0.37098442
 0.51254395 0.32726818 0.16627036 0.62085329 0.83099521 0.43132673
 0.71888603 0.58853652 0.        ],[-0.02008593  0.43606504  0.35126463  0.66158013  0.47469746  0.48965038
  0.56231607  0.52411406  0.29504557  0.8606911   0.86050639  0.38624352
  0.55945276  0.64920456  0.        ],[0.53302399 0.52484909 0.36058108 0.49810104 0.55965485 0.58164591
 0.58445032 0.67929361 0.2703057  0.78389338 0.85888524 0.56848043
 0.65027017 0.41931715 0.        ],[1.14143175 0.70162981 0.44940128 0.44776747 0.50548877 0.65418756
 0.49512537 0.35130472 0.03737899 0.6171112  0.77167581 0.49021679
 0.72719974 0.38698013 0.        ],[0.70362175 0.61170036 0.46401605 0.24358088 0.32294482 0.73651396
 0.71377117 0.3875288  0.07245655 0.8141842  0.88696537 0.47060722
 0.6825956  0.60772153 0.        ],[0.53214272 0.42041463 0.38166694 0.36978385 0.40598166 0.67153849
 0.74201073 0.44091385 0.16089596 0.93836613 0.87687612 0.2349421
 0.60739409 0.76883051 0.        ],[0.32168676 0.41086535 0.34045044 0.23467088 0.41850345 0.66410834
 0.61774988 0.49043841 0.16762517 0.79514577 0.71675465 0.36013309
 0.47848769 0.55554232 0.        ],[0. 0. 0. 0. 0. 0. 0. 0. 0. 0. 0. 0. 0. 0. 0.],