[-0.1356763   0.62027482  0.73147711  0.49474689  0.53390449  0.34069522
  0.51778526  0.48816933  0.69032162  0.57431094  0.58447568  0.79763457
  0.65759824  0.71146271  0.30119914  0.52780173  0.31174845  0.57357627
  0.57482892  0.        ],[0.3997026  0.48104579 0.50686961 0.5272193  0.61659349 0.55076085
 0.61332166 0.45912131 0.48596817 0.51731637 0.57302175 0.5459546
 0.54110378 0.59268775 0.56005434 0.73176288 0.59016906 0.65517963
 0.36593007 0.        ],[0.45666757 0.40515049 0.46085024 0.5622906  0.56815635 0.57912887
 0.50158829 0.37765882 0.35129999 0.4197712  0.48686364 0.43118065
 0.36919412 0.40361622 0.49942041 0.56555486 0.52521388 0.5370278
 0.35860661 0.        ],[0.22008258 0.35474135 0.51888291 0.62179651 0.49747407 0.55532222
 0.38173931 0.3957983  0.37029689 0.42209741 0.44019365 0.49064839
 0.31370452 0.34615505 0.36758627 0.35881912 0.37682565 0.4339917
 0.50542977 0.        ],[0.14975636 0.22635922 0.46250557 0.69408368 0.58882182 0.70690651
 0.61800761 0.74589356 0.62551853 0.73860203 0.60824649 0.7171442
 0.64514217 0.75816344 0.63086382 0.75635484 0.63648124 0.73762649
 0.60188786 0.        ],[0.21249958 0.11738039 0.28096189 0.50076336 0.36802814 0.49877774
 0.36015679 0.48653304 0.35704407 0.48734453 0.35820832 0.49047757
 0.34654467 0.47764144 0.34573354 0.47416601 0.34089632 0.47454043
 0.34425915 0.        ],[0.36399759 0.16963517 0.22933191 0.38000082 0.28607996 0.37701254
 0.28673438 0.37854403 0.28578409 0.375051   0.28257372 0.37165419
 0.28379859 0.37333589 0.28241426 0.37222289 0.28130608 0.37034088
 0.27919595 0.        ],[0.32858414 0.13411081 0.22121155 0.40261071 0.29490097 0.4056905
 0.29765698 0.40846134 0.30160006 0.41176978 0.30509767 0.41549822
 0.30789515 0.41745489 0.31158975 0.42045434 0.31468363 0.42320504
 0.31805748 0.        ],[0.43420524 0.08461873 0.23290602 0.54944651 0.35933976 0.55491497
 0.36401228 0.56039563 0.36821698 0.56501384 0.37164582 0.56908651
 0.37515518 0.57293391 0.37854763 0.57680388 0.38173338 0.57990594
 0.38414271 0.        ],[0.26717523 0.24510558 0.40623822 0.59279942 0.48762635 0.59368961
 0.48917299 0.59441309 0.48980919 0.59472332 0.49016933 0.59515161
 0.49013862 0.59513075 0.49020227 0.59528363 0.48984828 0.59516423
 0.4893027  0.        ],[0.32583355 0.21190652 0.33926537 0.52872277 0.41584299 0.52462542
 0.41406557 0.52045547 0.41178915 0.5163701  0.40942058 0.51259026
 0.40694312 0.50911813 0.40492691 0.50598273 0.40253472 0.50282778
 0.400086   0.        ],[0.27605123 0.13984231 0.24449721 0.41875376 0.31400707 0.41770265
 0.31354051 0.41667841 0.31246518 0.41538344 0.31137637 0.41419635
 0.31043795 0.41310543 0.30934251 0.41179542 0.30821716 0.41038666
 0.30686862 0.        ],[0.41503649 0.08527353 0.15171552 0.36928163 0.23379114 0.37142983
 0.23555344 0.37382039 0.23704725 0.37560637 0.23838294 0.37733545
 0.23985072 0.37914638 0.24119034 0.3806605  0.24248977 0.38194615
 0.2436903  0.        ],[0.42010142 0.14753855 0.24516937 0.47239725 0.33582554 0.47580825
 0.3392311  0.47948723 0.34299056 0.48291985 0.34637925 0.48615505
 0.34965197 0.48946484 0.35299407 0.49277269 0.35616206 0.49602144
 0.35916193 0.        ],[0.26432316 0.21784194 0.37713186 0.57274755 0.46288414 0.57478039
 0.4648482  0.57683735 0.4672686  0.57887019 0.46929205 0.58079676
 0.47116304 0.58236587 0.47290644 0.58394524 0.4744258  0.5851339
 0.47543448 0.        ],[0.20433872 0.08299275 0.28494028 0.55970067 0.39992411 0.56048802
 0.39997176 0.56103417 0.39927429 0.56088742 0.3990322  0.56084913
 0.39828268 0.56023057 0.39716841 0.55923024 0.39574858 0.5580966
 0.39415391 0.        ],[0.10304882 0.20539279 0.33416449 0.43071156 0.38185982 0.43223722
 0.38286082 0.43339767 0.38355171 0.43514124 0.38493898 0.43692881
 0.38602061 0.43863585 0.38707244 0.44058145 0.38835418 0.44224001
 0.38906929 0.        ],[0.08423022 0.21587787 0.40722831 0.56040631 0.48326592 0.56236252
 0.48861002 0.56462007 0.49280956 0.56569034 0.49733147 0.56753568
 0.50034562 0.56874781 0.50331817 0.56881004 0.50487499 0.57039121
 0.50828352 0.        ],[0.03729172 0.20468467 0.46461872 0.67716144 0.56724986 0.67644317
 0.56131023 0.67214802 0.56070571 0.67311565 0.55837547 0.67176085
 0.55934784 0.67346506 0.56193663 0.679908   0.56844924 0.68135081
 0.56733141 0.        ],[0. 0. 0. 0. 0. 0. 0. 0. 0. 0. 0. 0. 0. 0. 0. 0. 0. 0. 0. 0.],