[-0.18712752  1.13852442  1.10932761  0.55873604  1.09394955  0.46606612
 -0.13151268  0.37401446  0.04740616  0.3728739   0.01660346  0.57592618
  0.52409666  0.52791326  0.        ],[-0.14755563  0.60698363  0.52436429  0.43996976  0.35102957  0.59741397
  0.65809953  0.55363361  0.64012294  0.58093476  0.50722578  0.37782181
  0.57556068  0.58163276  0.        ],[0.10977629 0.59345525 0.66079763 0.61391645 0.47806006 0.55257759
 0.66105513 0.44672453 0.57511271 0.80708071 0.60187847 0.37345762
 0.43182363 0.45453533 0.        ],[0.37071877 0.62341654 0.62615739 0.62773495 0.59042544 0.66317476
 0.54748221 0.22592058 0.29432518 0.37280921 0.46932631 0.2983063
 0.27722816 0.28907958 0.        ],[0.09919348 0.55670037 0.62199444 0.57594826 0.71165067 0.53530694
 0.38489197 0.29629684 0.4837029  0.48199734 0.30318792 0.38778712
 0.64412192 0.4166484  0.        ],[-0.03064371  0.60447677  0.61767874  0.58626223  0.73039587  0.44478934
  0.62324407  0.45146456  0.57240942  0.51876903  0.30641584  0.38910757
  0.64099875  0.5275082   0.        ],[0.71917087 0.39612432 0.62952192 0.52022427 0.59879212 0.52400488
 0.68170199 0.61275742 0.60331406 0.60263288 0.37915949 0.34751998
 0.34823801 0.3878407  0.        ],[0.9967383  0.38629403 0.3583357  0.57267613 0.36893845 0.51516917
 0.54639479 0.57066933 0.53949367 0.53724479 0.53295313 0.5041744
 0.22926319 0.2667388  0.        ],[1.09620103 0.48046496 0.34170219 0.50633817 0.30777604 0.60350859
 0.50985835 0.24340857 0.36179829 0.46312492 0.39438622 0.45146096
 0.40765581 0.44161866 0.        ],[0.953623   0.43593981 0.55014178 0.64122718 0.34745925 0.59035946
 0.73430604 0.52873322 0.68680404 0.66323981 0.62832188 0.33222434
 0.25198986 0.39170392 0.        ],[0.83844981 0.40284488 0.4508277  0.71828156 0.4033317  0.42088688
 0.63411799 0.62071006 0.76625899 0.76515607 0.41279671 0.27607234
 0.19967273 0.10678603 0.        ],[0.55541842 0.39790826 0.62475394 0.86283162 0.78792734 0.68659845
 0.54111787 0.57958445 0.52151268 0.7542317  0.46002678 0.45641622
 0.41590639 0.07684573 0.        ],[0.40132728 0.67919329 0.83369399 0.85922388 0.81773587 0.69719718
 0.45668495 0.46231381 0.47029069 0.75006251 0.59616422 0.53836213
 0.34038308 0.19564441 0.        ],[0.25793606 0.48652027 0.64045467 0.68025057 0.52008376 0.50519288
 0.5834415  0.70844122 0.66425983 0.80240913 0.54598952 0.54485247
 0.21313295 0.24878445 0.        ],[0. 0. 0. 0. 0. 0. 0. 0. 0. 0. 0. 0. 0. 0. 0.],