[-0.06444524 -0.01470199 -0.21829319 -0.25471397  0.64401317  0.38822748
  0.13609158  0.40151803  0.29139534  0.83546356  0.27387233  0.1808904
 -0.02169469  0.00104546  0.        ],[1.23803148 0.51451206 0.5329619  0.47094763 0.38926897 0.67086624
 0.70874982 0.47243054 0.55669438 0.58499024 0.55718952 0.37677153
 0.27668087 0.40397254 0.        ],[1.24239454 0.46300687 0.56059053 0.51325989 0.24849967 0.49499741
 0.62113237 0.66189987 0.77653742 0.81502022 0.67009323 0.61098235
 0.50439748 0.62725156 0.        ],[0.74580206 0.66701746 0.50149542 0.59289795 0.36605431 0.45096997
 0.60304349 0.84947665 0.91563868 0.71247126 0.6025785  0.74294171
 0.62417751 0.70761573 0.        ],[1.29489888 0.61476678 0.60842432 0.37761942 0.3945471  0.48371975
 0.49720328 0.70887022 0.71987638 0.6525726  0.72637292 0.59351725
 0.58102885 0.64650586 0.        ],[1.15055126 0.25372527 0.25462831 0.28278481 0.62191554 0.71707411
 0.71045413 0.47945752 0.52559421 0.36598201 0.63093314 0.62320328
 0.59075777 0.36621287 0.        ],[1.80282657 0.02616617 0.08434052 0.59793266 0.49578025 0.48935523
 0.75231292 0.59360153 0.35790496 0.30220246 0.12346754 0.28365492
 0.39158115 0.17909727 0.        ],[ 9.91889723e-01  1.38646003e-01  3.88785054e-01  1.00193821e+00
  4.14370078e-01  3.52417348e-01  5.47199804e-01  6.52013030e-01
  5.56015788e-01  3.43022748e-01  1.34759503e-02 -1.28585976e-02
  9.01698142e-05 -5.06770643e-05  0.00000000e+00],[ 0.55349504  0.17500331  0.25280625  0.90506167  0.4849042   0.40035485
  0.59588257  0.65889468  0.57311901  0.20562297 -0.06268145 -0.16652562
 -0.01566513  0.13568515  0.        ],[ 0.29306145 -0.05212809  0.21228702  0.79378537  0.50347487  0.61443884
  0.47711036  0.35081022  0.3438739   0.17961174 -0.03110854 -0.22594556
  0.02134172  0.1295421   0.        ],[ 0.54671897  0.0164003   0.191068    0.64583736  0.59660331  0.5645887
  0.46105835  0.499616    0.36471461  0.19323988  0.0437704  -0.10935437
  0.00257808  0.08879945  0.        ],[ 0.76226606  0.08089044  0.13016172  0.59470571  0.5935424   0.49650681
  0.64147008  0.70315491  0.58046196  0.06894414 -0.04378225  0.07053507
  0.00229887 -0.07182409  0.        ],[ 4.69273090e-01  8.89818228e-02  3.12225818e-01  7.47370988e-01
  4.87065140e-01  3.48099064e-01  5.38328402e-01  5.40057019e-01
  4.72794016e-01  5.52211336e-03 -1.26501134e-02  1.67753643e-02
  3.91386940e-04 -1.26464322e-02  0.00000000e+00],[ 1.61439716e-01  1.06767421e-01  2.98505265e-01  5.71254387e-01
  5.66255894e-01  5.56792221e-01  4.57429047e-01  3.39977792e-01
  3.99159100e-01  2.28697614e-01  8.31738726e-03 -8.75013981e-03
 -4.10934822e-06  8.54094055e-04  0.00000000e+00],[0. 0. 0. 0. 0. 0. 0. 0. 0. 0. 0. 0. 0. 0. 0.],