[ 2.19361790e-05  1.90838817e-01  5.02563792e-01  6.18273119e-01
  1.34998744e-02  6.83593042e-02 -1.14568922e-01 -4.35042473e-02
 -3.69843288e-02  0.00000000e+00],[0.64437563 0.38035821 0.36999079 0.68548034 0.73249647 0.30559584
 0.44254966 0.42198251 0.14735906 0.        ],[0.76688284 0.22731733 0.35784441 0.70928339 0.7975257  0.50752496
 0.64154494 0.72577051 0.48171922 0.        ],[0.59624059 0.30907805 0.48016867 0.76619123 0.71616877 0.45580805
 0.47122598 0.75530108 0.66359169 0.        ],[0.69055613 0.26660291 0.47030127 0.78045769 0.66369729 0.46134093
 0.13138942 0.22422465 0.12482808 0.        ],[ 1.22466193  0.02253144  0.16541486  0.89141782  0.5301662   0.545207
  0.18945001 -0.05736112 -0.01184536  0.        ],[ 0.89553102 -0.08885044  0.18322027  0.88407897  0.4506851   0.36682009
  0.20441868  0.05524983  0.01621277  0.        ],[ 0.65547937  0.13836967  0.22734316  0.48937586  0.18035087  0.12203974
  0.0082653  -0.0149243  -0.00308065  0.        ],[ 3.45202932e-01  1.07820477e-01  3.51498575e-01  6.21093729e-01
  1.17506644e-01  5.38880607e-02  1.06127681e-02 -1.76067102e-03
 -1.96500328e-04  0.00000000e+00],[0. 0. 0. 0. 0. 0. 0. 0. 0. 0.],