tensor([0.0000, 0.0033, 0.0067, 0.0100, 0.0134, 0.0167, 0.0201, 0.0234, 0.0268,
        0.0301, 0.0334, 0.0368, 0.0401, 0.0435, 0.0468, 0.0502, 0.0535, 0.0569,
        0.0602, 0.0635, 0.0669, 0.0702, 0.0736, 0.0769, 0.0803, 0.0836, 0.0870,
        0.0903, 0.0936, 0.0970, 0.1003, 0.1037, 0.1070, 0.1104, 0.1137, 0.1171,
        0.1204, 0.1237, 0.1271, 0.1304, 0.1338, 0.1371, 0.1405, 0.1438, 0.1472,
        0.1505, 0.1538, 0.1572, 0.1605, 0.1639, 0.1672, 0.1706, 0.1739, 0.1773,
        0.1806, 0.1839, 0.1873, 0.1906, 0.1940, 0.1973, 0.2007, 0.2040, 0.2074,
        0.2107, 0.2140, 0.2174, 0.2207, 0.2241, 0.2274, 0.2308, 0.2341, 0.2375,
        0.2408, 0.2441, 0.2475, 0.2508, 0.2542, 0.2575, 0.2609, 0.2642, 0.2676,
        0.2709, 0.2742, 0.2776, 0.2809, 0.2843, 0.2876, 0.2910, 0.2943, 0.2977,
        0.3010, 0.3043, 0.3077, 0.3110, 0.3144, 0.3177, 0.3211, 0.3244, 0.3278,
        0.3311, 0.3344, 0.3378, 0.3411, 0.3445, 0.3478, 0.3512, 0.3545, 0.3579,
        0.3612, 0.3645, 0.3679, 0.3712, 0.3746, 0.3779, 0.3813, 0.3846, 0.3880,
        0.3913, 0.3946, 0.3980, 0.4013, 0.4047, 0.4080, 0.4114, 0.4147, 0.4181,
        0.4214, 0.4247, 0.4281, 0.4314, 0.4348, 0.4381, 0.4415, 0.4448, 0.4482,
        0.4515, 0.4548, 0.4582, 0.4615, 0.4649, 0.4682, 0.4716, 0.4749, 0.4783,
        0.4816, 0.4849, 0.4883, 0.4916, 0.4950, 0.4983, 0.5017, 0.5050, 0.5084,
        0.5117, 0.5151, 0.5184, 0.5217, 0.5251, 0.5284, 0.5318, 0.5351, 0.5385,
        0.5418, 0.5452, 0.5485, 0.5518, 0.5552, 0.5585, 0.5619, 0.5652, 0.5686,
        0.5719, 0.5753, 0.5786, 0.5819, 0.5853, 0.5886, 0.5920, 0.5953, 0.5987,
        0.6020, 0.6054, 0.6087, 0.6120, 0.6154, 0.6187, 0.6221, 0.6254, 0.6288,
        0.6321, 0.6355, 0.6388, 0.6421, 0.6455, 0.6488, 0.6522, 0.6555, 0.6589,
        0.6622, 0.6656, 0.6689, 0.6722, 0.6756, 0.6789, 0.6823, 0.6856, 0.6890,
        0.6923, 0.6957, 0.6990, 0.7023, 0.7057, 0.7090, 0.7124, 0.7157, 0.7191,
        0.7224, 0.7258, 0.7291, 0.7324, 0.7358, 0.7391, 0.7425, 0.7458, 0.7492,
        0.7525, 0.7559, 0.7592, 0.7625, 0.7659, 0.7692, 0.7726, 0.7759, 0.7793,
        0.7826, 0.7860, 0.7893, 0.7926, 0.7960, 0.7993, 0.8027, 0.8060, 0.8094,
        0.8127, 0.8161, 0.8194, 0.8227, 0.8261, 0.8294, 0.8328, 0.8361, 0.8395,
        0.8428, 0.8462, 0.8495, 0.8528, 0.8562, 0.8595, 0.8629, 0.8662, 0.8696,
        0.8729, 0.8763, 0.8796, 0.8829, 0.8863, 0.8896, 0.8930, 0.8963, 0.8997,
        0.9030, 0.9064, 0.9097, 0.9130, 0.9164, 0.9197, 0.9231, 0.9264, 0.9298,
        0.9331, 0.9365, 0.9398, 0.9431, 0.9465, 0.9498, 0.9532, 0.9565, 0.9599,
        0.9632, 0.9666, 0.9699, 0.9732, 0.9766, 0.9799, 0.9833, 0.9866, 0.9900,
        0.9933, 0.9967, 1.0000])
tensor([0.2067, 0.2062, 0.2058, 0.2053, 0.2048, 0.2043, 0.2038, 0.2033, 0.2028,
        0.2023, 0.2018, 0.2013, 0.2008, 0.2003, 0.1998, 0.1993, 0.1988, 0.1983,
        0.1978, 0.1973, 0.1967, 0.1962, 0.1957, 0.1952, 0.1947, 0.1941, 0.1936,
        0.1931, 0.1926, 0.1920, 0.1915, 0.1910, 0.1904, 0.1899, 0.1894, 0.1888,
        0.1883, 0.1877, 0.1872, 0.1866, 0.1861, 0.1855, 0.1850, 0.1844, 0.1839,
        0.1833, 0.1828, 0.1822, 0.1817, 0.1811, 0.1805, 0.1800, 0.1794, 0.1788,
        0.1783, 0.1777, 0.1771, 0.1766, 0.1760, 0.1754, 0.1748, 0.1743, 0.1737,
        0.1731, 0.1725, 0.1719, 0.1714, 0.1708, 0.1702, 0.1696, 0.1690, 0.1684,
        0.1678, 0.1672, 0.1666, 0.1660, 0.1654, 0.1648, 0.1642, 0.1636, 0.1630,
        0.1624, 0.1618, 0.1612, 0.1606, 0.1600, 0.1594, 0.1587, 0.1581, 0.1575,
        0.1569, 0.1563, 0.1556, 0.1550, 0.1544, 0.1538, 0.1532, 0.1525, 0.1519,
        0.1513, 0.1506, 0.1500, 0.1494, 0.1487, 0.1481, 0.1475, 0.1468, 0.1462,
        0.1456, 0.1449, 0.1443, 0.1436, 0.1430, 0.1423, 0.1417, 0.1410, 0.1404,
        0.1397, 0.1391, 0.1384, 0.1378, 0.1371, 0.1365, 0.1358, 0.1352, 0.1345,
        0.1338, 0.1332, 0.1325, 0.1319, 0.1312, 0.1305, 0.1299, 0.1292, 0.1285,
        0.1279, 0.1272, 0.1265, 0.1259, 0.1252, 0.1245, 0.1238, 0.1232, 0.1225,
        0.1218, 0.1211, 0.1204, 0.1198, 0.1191, 0.1184, 0.1177, 0.1170, 0.1164,
        0.1157, 0.1150, 0.1143, 0.1136, 0.1129, 0.1122, 0.1115, 0.1108, 0.1102,
        0.1095, 0.1088, 0.1081, 0.1074, 0.1067, 0.1060, 0.1053, 0.1046, 0.1039,
        0.1032, 0.1025, 0.1018, 0.1011, 0.1004, 0.0997, 0.0990, 0.0983, 0.0976,
        0.0969, 0.0962, 0.0955, 0.0948, 0.0940, 0.0933, 0.0926, 0.0919, 0.0912,
        0.0905, 0.0898, 0.0891, 0.0884, 0.0876, 0.0869, 0.0862, 0.0855, 0.0848,
        0.0841, 0.0834, 0.0826, 0.0819, 0.0812, 0.0805, 0.0798, 0.0791, 0.0783,
        0.0776, 0.0769, 0.0762, 0.0755, 0.0747, 0.0740, 0.0733, 0.0726, 0.0718,
        0.0711, 0.0704, 0.0697, 0.0689, 0.0682, 0.0675, 0.0668, 0.0660, 0.0653,
        0.0646, 0.0639, 0.0631, 0.0624, 0.0617, 0.0610, 0.0602, 0.0595, 0.0588,
        0.0580, 0.0573, 0.0566, 0.0559, 0.0551, 0.0544, 0.0537, 0.0529, 0.0522,
        0.0515, 0.0507, 0.0500, 0.0493, 0.0486, 0.0478, 0.0471, 0.0464, 0.0456,
        0.0449, 0.0442, 0.0434, 0.0427, 0.0420, 0.0412, 0.0405, 0.0398, 0.0390,
        0.0383, 0.0376, 0.0368, 0.0361, 0.0354, 0.0346, 0.0339, 0.0332, 0.0325,
        0.0317, 0.0310, 0.0303, 0.0295, 0.0288, 0.0281, 0.0273, 0.0266, 0.0259,
        0.0251, 0.0244, 0.0237, 0.0229, 0.0222, 0.0215, 0.0208, 0.0200, 0.0193,
        0.0186, 0.0178, 0.0171, 0.0164, 0.0156, 0.0149, 0.0142, 0.0135, 0.0127,
        0.0120, 0.0113, 0.0105])