[-0.03735058  0.15848923  0.36223865  0.48066659  0.35345536  0.41829314
  0.28886148  0.38072871  0.24161575  0.35214268  0.20946776  0.32837702
  0.19382935  0.32406145  0.        ],[0.12173881 0.18783079 0.37149632 0.53447956 0.41004581 0.45909206
 0.3499246  0.37038399 0.31997179 0.34955325 0.34896464 0.41668936
 0.4400131  0.46394371 0.        ],[0.3232597  0.14390756 0.24281082 0.43887597 0.37361684 0.44725488
 0.40180604 0.42582133 0.42172315 0.43580328 0.45894005 0.49132636
 0.51707695 0.52261519 0.        ],[0.46009321 0.06969126 0.07915833 0.27907329 0.25816607 0.36746743
 0.35825673 0.43158795 0.4100147  0.46157731 0.41845098 0.4529565
 0.38562477 0.43749943 0.        ],[0.34049953 0.06297187 0.09863264 0.24337036 0.11471683 0.20957692
 0.07647072 0.17786217 0.0469048  0.15385295 0.02920396 0.13906644
 0.02062945 0.12643368 0.        ],[0.44893724 0.05714314 0.04156998 0.18788247 0.08778691 0.18154591
 0.08327731 0.17554156 0.07577418 0.16724626 0.06711339 0.15830462
 0.05599279 0.14813939 0.        ],[ 0.46081961  0.02318706 -0.03304213  0.08738827 -0.0056844   0.07737074
 -0.01672022  0.06575015 -0.02898355  0.05401447 -0.03947101  0.04492531
 -0.04876134  0.0336472   0.        ],[0.48440688 0.06055268 0.04830099 0.21054564 0.09756264 0.20440882
 0.09054259 0.19558808 0.08183872 0.18732115 0.07413831 0.17941541
 0.06489732 0.16888501 0.        ],[0.46754601 0.04744607 0.02295048 0.17003387 0.0634713  0.16081475
 0.05268046 0.14910598 0.04191794 0.13959023 0.03255338 0.13015172
 0.0218921  0.11802348 0.        ],[0.44505186 0.0615801  0.06533642 0.22773981 0.11558208 0.21949376
 0.10629836 0.21094757 0.09935958 0.20467394 0.0919018  0.19672413
 0.08358852 0.18829772 0.        ],[0.3811489  0.06855377 0.09181822 0.24496787 0.13814423 0.23322797
 0.12596433 0.22221455 0.11467753 0.21110387 0.10347351 0.19952694
 0.09040428 0.18676942 0.        ],[ 0.31050567  0.01671514 -0.01573154  0.06997617  0.00107728  0.05788663
 -0.01009277  0.04899817 -0.02028848  0.0372996  -0.030999    0.02804127
 -0.04182549  0.01575313  0.        ],[0.20555909 0.04038016 0.05522483 0.13833881 0.07824173 0.12929009
 0.07091188 0.12367024 0.06625814 0.11759528 0.058706   0.11174685
 0.05194354 0.10233583 0.        ],[ 0.11817781  0.02148025  0.03479029  0.08704008  0.0434273   0.07075196
  0.02317154  0.05208555  0.00649424  0.03447063 -0.00983037  0.01686177
 -0.02941079 -0.00420173  0.        ],[0. 0. 0. 0. 0. 0. 0. 0. 0. 0. 0. 0. 0. 0. 0.],