[-0.00481955  0.42502378  1.11765608  1.68457167  1.28828532  1.02739127
  0.28018572  0.38835172  0.52421948  0.95508908  0.05361663  0.19304052
  0.37212127  0.25568613  0.        ],[0.68843849 0.21193265 0.40823145 0.6150867  0.57923861 0.62968855
 0.46310845 0.54151927 0.39084784 0.34141906 0.39320778 0.49893296
 0.53706703 0.39407561 0.        ],[0.56678783 0.23828203 0.3636994  0.61531432 0.52159385 0.6940037
 0.61047172 0.65736033 0.64488292 0.4970945  0.60196409 0.63387021
 0.44601    0.2932804  0.        ],[0.07381509 0.54103038 0.57931332 0.65169583 0.55136247 0.64350425
 0.67335724 0.71225386 0.59615227 0.60187145 0.56934688 0.58327699
 0.26015695 0.14424694 0.        ],[0.32540943 0.59622641 0.6588741  0.63114571 0.60713788 0.50544766
 0.76390416 0.70446075 0.70169689 0.38901781 0.33228061 0.40139201
 0.40534356 0.33348409 0.        ],[0.64838043 0.40479162 0.6782699  0.63406706 0.68868305 0.56341688
 0.72940307 0.84818153 0.69847263 0.27774622 0.41019652 0.56307425
 0.6656013  0.27745865 0.        ],[-0.09258864  0.34021668  0.51587697  0.74529045  0.48301621  0.55574744
  0.45095929  0.72352669  0.39268083 -0.06756062  0.18046247  0.13305977
  0.43056726  0.1490466   0.        ],[0.99359194 0.3663253  0.47215186 0.86263943 0.57814946 0.46388915
 0.45311584 0.64985675 0.37026185 0.06083696 0.13177084 0.03707837
 0.03287847 0.03905832 0.        ],[-0.05363354  0.4552396   0.3345634   0.68780496  0.56417979  0.66066884
  0.79913799  0.72262041  0.56695722  0.19238372 -0.11248164 -0.06591556
 -0.05122794  0.18105638  0.        ],[-0.05420396  0.32898546  0.38744038  0.84183649  0.52916476  0.56832001
  0.92573272  0.66844475  0.26717895 -0.20247824 -0.30285677  0.05039605
  0.34467471  0.35740923  0.        ],[ 0.69520467  0.14505147  0.2136098   0.71115161  0.80954677  0.76094769
  0.65734175  0.48046591  0.24042087 -0.0825769   0.01907404  0.20740157
  0.2145267   0.01841397  0.        ],[ 0.58756346  0.32917356  0.46780984  0.7637795   0.7292914   0.70339218
  0.49693223  0.37357188  0.43720015  0.13847867  0.16132841  0.02943768
 -0.05925306  0.08028605  0.        ],[ 0.61901445  0.33697899  0.46572986  0.72262348  0.5170732   0.47408738
  0.33055272  0.23436257  0.19700064 -0.11340248  0.00392196  0.00455525
 -0.00369559  0.02352409  0.        ],[ 0.10537542  0.07431087  0.34454284  0.65812765  0.48912946  0.53016998
  0.3819023   0.25993239  0.25205769 -0.02625423  0.01603195  0.01790615
  0.00821799  0.00601308  0.        ],[0. 0. 0. 0. 0. 0. 0. 0. 0. 0. 0. 0. 0. 0. 0.],