[ 0.54283077  0.07203699  0.42714931  1.23588372  1.18417468 -0.21955525
  0.76856071  0.49664622  1.22202757  1.72196278  0.6360228   0.43775375
  0.19258219  0.03747414  0.        ],[0.28833937 0.29295558 0.34744612 0.47700963 0.38132928 0.55221896
 0.46853725 0.55038301 0.45935036 0.34820858 0.28138779 0.62584862
 0.60718813 0.40721155 0.        ],[-0.07321434  0.33300238  0.56569518  0.42807737  0.24573622  0.43235593
  0.33946306  0.59128521  0.75758037  0.50919545  0.35134246  0.64388867
  0.69691469  0.43517062  0.        ],[-0.11230673  0.5085376   0.57283265  0.37971634  0.30238442  0.55982736
  0.35417282  0.63364365  0.66019081  0.38851907  0.4738501   0.51793523
  0.56912611  0.28758428  0.        ],[0.9782915  0.72885638 0.7031134  0.50522908 0.5230443  0.64030129
 0.64781544 0.66513968 0.66965396 0.66715191 0.54095871 0.36432787
 0.46577296 0.37855825 0.        ],[1.18072862 0.71242167 0.76015652 0.4077714  0.43054693 0.76968705
 0.69887956 0.57498585 0.38309288 0.3973201  0.3650925  0.32918272
 0.32094409 0.44923362 0.        ],[ 1.83287366  0.50614631  0.62830965  0.40734568  0.6026842   0.76288086
  0.64144144  0.67867246  0.51021708  0.24656425  0.34105619 -0.05394545
 -0.08286993 -0.11209034  0.        ],[ 9.95961484e-01  5.27462493e-01  4.03520947e-01  5.22224888e-01
  6.44683979e-01  6.09698450e-01  6.38130224e-01  4.07933374e-01
  3.12014208e-01  3.57412861e-01  1.51613573e-01 -1.05832504e-01
  8.59850573e-05  1.71608397e-02  0.00000000e+00],[ 1.480354    0.59952101  0.36522453  0.37086827  0.37800969  0.46652844
  0.49743597  0.37609261  0.43001743  0.41310084  0.16772524 -0.01445737
 -0.00631951 -0.17419326  0.        ],[0.88934131 0.17819534 0.2623699  0.73851204 0.6783543  0.35542926
 0.47084412 0.59818181 0.6140801  0.32148203 0.01684424 0.21320299
 0.47554727 0.05284043 0.        ],[0.69045645 0.16468671 0.22959682 0.66676312 0.64792404 0.37468015
 0.48717691 0.68258607 0.32772517 0.23928006 0.16698485 0.00285564
 0.21108949 0.21486304 0.        ],[ 0.66207717  0.19777386  0.3211123   0.60660209  0.34563207  0.22926381
  0.58441022  0.47552874  0.24954457  0.22471288  0.08969534 -0.13666859
 -0.12656232 -0.16372841  0.        ],[ 0.38150785  0.2404628   0.47677962  0.75720524  0.38787954  0.30411063
  0.61232435  0.45075065  0.45333028  0.43563614  0.09875325 -0.08550629
 -0.02728546 -0.03175283  0.        ],[ 0.25398477  0.40954445  0.63151535  0.81727186  0.70703958  0.55629562
  0.41603722  0.15376163  0.19903501  0.07917113 -0.00240276 -0.09201433
  0.01649969  0.00128187  0.        ],[0. 0. 0. 0. 0. 0. 0. 0. 0. 0. 0. 0. 0. 0. 0.],