[ 4.98140655e-01  2.29234051e-01  3.89455041e-01  7.85313631e-01
  6.25642869e-01 -2.07177632e-02  5.64807552e-01  1.41523492e+00
  1.32472003e+00  8.63462768e-01  3.75865444e-01  1.55446695e-01
  2.98281453e-01  3.50055748e-01  3.94575807e-01 -8.73006846e-03
  4.59766792e-01 -9.52856016e-03  2.96312317e-01  1.97643222e-01
  5.93492932e-02  1.44724139e-01  3.39627684e-01  1.13023311e+00
  8.86227994e-01  1.91106229e-01  5.40527672e-01  2.39528126e-01
  4.91818213e-01 -8.17041619e-03 -1.51450197e-01  2.11138201e-01
  4.52357121e-01  3.91552338e-01  7.76853186e-01  6.24924250e-01
  1.07019927e-01  7.24720866e-01  7.19824227e-01 -2.59691583e-01
 -3.79785671e-01  1.13296246e-01  6.54841087e-01  9.26167997e-01
  1.08287527e+00  7.02107785e-01  9.06608874e-01  9.96350955e-01
  6.91946943e-01  6.62982935e-01  4.03204970e-01  2.62481858e-02
  3.52832421e-02  7.92134654e-01  1.52587641e-01  2.28218756e-01
  3.01441663e-01  2.48694528e-01  5.17802932e-01  8.34396366e-02
 -1.82866350e-01  8.64267238e-02  3.12121245e-01 -2.64609445e-02
  5.58962242e-01  4.84749286e-01  2.19474818e-01  1.55632178e-01
  6.19117726e-01  6.66697432e-01  5.87982404e-01 -8.27994906e-04
  4.58333018e-01  1.00382495e+00  8.78887019e-01  5.36446121e-01
  6.06518523e-01  1.12122724e+00  9.58059431e-01  0.00000000e+00],[0.62829026 0.60421896 0.63862497 0.71792166 0.67327274 0.31779218
 0.40600339 0.54604271 0.7153463  0.405662   0.38319749 0.48394868
 0.46247219 0.47300144 0.37628954 0.3649787  0.3353715  0.36777553
 0.68558906 0.71227501 0.6657279  0.59808378 0.39517764 0.61773955
 0.81130989 0.70414537 0.51364998 0.46825331 0.38714295 0.37526385
 0.59020664 0.51838455 0.5791836  0.71435055 0.70505106 0.76790396
 0.46030054 0.55019242 0.32709665 0.37703536 0.40455974 0.25244994
 0.45657198 0.3549808  0.35276779 0.37189492 0.44354343 0.3752432
 0.39401185 0.62495644 0.6483726  0.44804272 0.5152861  0.60882609
 0.50717596 0.43041726 0.5174733  0.45694495 0.6147959  0.54546228
 0.58951122 0.45137267 0.55128402 0.43550312 0.5988552  0.47704839
 0.3642089  0.41882836 0.41636521 0.5434604  0.54656063 0.34818726
 0.34847535 0.45156378 0.6483507  0.41640113 0.24033979 0.35885188
 0.49365872 0.        ],[0.57389669 0.68861053 0.76155967 0.79994325 0.74915523 0.42081916
 0.30400658 0.34965054 0.49822454 0.28438292 0.47512579 0.46472667
 0.40380599 0.5220353  0.40998637 0.52677888 0.41540011 0.52693055
 0.68338973 0.6898528  0.69304578 0.634336   0.38187058 0.43242747
 0.72206277 0.81653935 0.5156524  0.45795898 0.46198933 0.65824546
 0.83326465 0.73324032 0.69853895 0.72608648 0.64361464 0.6497046
 0.56780591 0.42491088 0.27579393 0.55470854 0.58805428 0.38970548
 0.51885378 0.23809353 0.18104218 0.27434795 0.33359701 0.2052714
 0.45536865 0.52520338 0.59177717 0.5886469  0.69817444 0.50094822
 0.54389385 0.42193434 0.52999905 0.47363064 0.51453542 0.6092365
 0.64584852 0.48668646 0.45611909 0.4968069  0.56863986 0.58749297
 0.53348053 0.49006272 0.3860709  0.6066089  0.6095258  0.53952581
 0.37456922 0.42011847 0.58042116 0.34435828 0.22311021 0.22341614
 0.30541528 0.        ],[0.49106943 0.57003836 0.71571476 0.87618908 0.80186717 0.39880644
 0.24486418 0.55581197 0.57051925 0.43427526 0.61175165 0.33499163
 0.28493829 0.4899136  0.42192693 0.49450197 0.54128427 0.5151599
 0.47108514 0.33736472 0.33398369 0.35672897 0.30642901 0.49032931
 0.56348203 0.56719902 0.49131948 0.33785103 0.65748489 0.81243098
 0.68803581 0.74477806 0.74234975 0.4932022  0.54389824 0.42238392
 0.54164466 0.38485097 0.44307172 0.4548029  0.43662213 0.56439028
 0.72877924 0.4819505  0.4352028  0.39152145 0.45599401 0.32243831
 0.68588826 0.42127844 0.35033591 0.49625725 0.61994207 0.42261545
 0.39301423 0.33805335 0.43873294 0.38411403 0.30869078 0.43428604
 0.33162215 0.31197539 0.19215939 0.30069979 0.51971804 0.73368363
 0.68814688 0.50035356 0.5003142  0.77016962 0.67377291 0.5929123
 0.44420002 0.64770289 0.63160486 0.3731436  0.43128895 0.52133074
 0.37882404 0.        ],[0.75157127 0.49639489 0.46297949 0.5971758  0.69190847 0.56924208
 0.23392248 0.41673547 0.55211141 0.56009329 0.68508818 0.71889761
 0.57869628 0.45409541 0.24686701 0.38193041 0.35974311 0.53262804
 0.60958639 0.31893744 0.21790527 0.20920682 0.22635521 0.52149211
 0.27337553 0.27304342 0.35840387 0.45766733 0.71296301 0.75099063
 0.50887594 0.40753268 0.59145417 0.32391525 0.30723995 0.52596775
 0.72054295 0.55943815 0.51274933 0.5460806  0.60425176 0.77364812
 0.72725254 0.73203501 0.64351053 0.55098755 0.42453368 0.29308881
 0.51487166 0.48993678 0.35803782 0.36424953 0.49862392 0.3262835
 0.49274032 0.51933742 0.57446427 0.50961818 0.36448173 0.45556927
 0.53820608 0.29894437 0.24231706 0.32500895 0.59645927 0.62253603
 0.61969599 0.65498909 0.55811212 0.71018144 0.48751754 0.53372772
 0.35256897 0.48014538 0.65952912 0.55494021 0.45721998 0.60416148
 0.53979901 0.        ],[0.70740141 0.37508626 0.3747161  0.58283685 0.64382079 0.68619231
 0.43275463 0.49209201 0.44763147 0.51587986 0.75427166 0.72291364
 0.74854672 0.64192662 0.28400538 0.45624504 0.51452966 0.61605965
 0.73875064 0.38802477 0.2536417  0.41128919 0.31955437 0.55255826
 0.29359942 0.52652635 0.48030015 0.47857019 0.52740349 0.65948224
 0.36183794 0.53933081 0.59803147 0.4768912  0.27847597 0.56819911
 0.86007007 0.80293889 0.6782486  0.33476804 0.27827032 0.51461237
 0.56310635 0.68371847 0.63420281 0.45880019 0.40066056 0.45251766
 0.40812861 0.58551363 0.54491299 0.33029998 0.59096025 0.4849187
 0.6768024  0.5402437  0.75234197 0.73780029 0.63234674 0.34519349
 0.32647785 0.29125155 0.2570279  0.4126551  0.6199591  0.35440996
 0.30675073 0.27706122 0.26831191 0.44040107 0.50160214 0.40101327
 0.51000825 0.69804547 0.69764517 0.51972989 0.44492706 0.49055798
 0.36413192 0.        ],[0.54447372 0.3352088  0.24639061 0.34443413 0.71079945 0.73304443
 0.59011923 0.36186918 0.66721616 0.72794319 0.65274385 0.39551752
 0.50591983 0.51499221 0.53493682 0.63501013 0.50486714 0.45081528
 0.6339848  0.41339239 0.41636056 0.35542589 0.54779971 0.58931313
 0.29991791 0.51725632 0.53441486 0.56517595 0.5205907  0.65239879
 0.38573054 0.3969876  0.35056655 0.50515237 0.4279793  0.45504027
 0.73475827 0.74307204 0.39529134 0.22325843 0.19363025 0.17322376
 0.18013471 0.30151953 0.44190597 0.65249245 0.55834751 0.37261116
 0.55545518 0.57997886 0.36827237 0.34635098 0.4315788  0.46849483
 0.56032901 0.59874047 0.58606625 0.51317888 0.43695857 0.41908411
 0.43551142 0.29157792 0.28327093 0.33337112 0.57735418 0.3126372
 0.4374821  0.32541716 0.16839016 0.37215369 0.56443311 0.5389316
 0.66168017 0.64870467 0.73958015 0.77728519 0.57780724 0.29272846
 0.35673762 0.        ],[0.45219439 0.42264088 0.43885939 0.48973197 0.53695776 0.54091184
 0.40679508 0.36609636 0.63923276 0.41310618 0.49377748 0.53495178
 0.53744909 0.67889707 0.77530185 0.56847925 0.55270562 0.6627335
 0.6963189  0.66619598 0.55607119 0.31188539 0.48544894 0.6644402
 0.4485218  0.4046306  0.57530987 0.55075718 0.53682148 0.33967771
 0.23442308 0.34163144 0.42837738 0.29168172 0.32100301 0.33897083
 0.36328393 0.50738546 0.32810068 0.35474422 0.32194072 0.29094888
 0.2603856  0.50247741 0.49328473 0.48428829 0.55136227 0.37610201
 0.41626364 0.52997757 0.39770511 0.49529424 0.56620289 0.72135912
 0.4676461  0.28882211 0.35550111 0.47459509 0.40627749 0.48592859
 0.36337531 0.44528239 0.36479489 0.57012261 0.68360532 0.47920058
 0.44386005 0.26546737 0.30998465 0.50664589 0.38587743 0.3344409
 0.59953319 0.64339405 0.51681647 0.63237382 0.45448718 0.34136346
 0.48974196 0.        ],[0.7537646  0.36229784 0.32821303 0.49515164 0.37133435 0.29701853
 0.60042362 0.56379045 0.51298464 0.32445495 0.20179678 0.30734482
 0.65001261 0.77338982 0.68458387 0.45266319 0.37463076 0.59621649
 0.71798924 0.57741614 0.5720823  0.58577816 0.55902903 0.75373744
 0.67329053 0.75875308 0.74215418 0.45870205 0.60924808 0.45602639
 0.44118401 0.47645762 0.62180744 0.48936679 0.62501146 0.5300017
 0.41427988 0.26260434 0.36745406 0.55424218 0.66399171 0.48191016
 0.38762536 0.41783408 0.53364218 0.35531541 0.33679477 0.2528428
 0.43328837 0.6622843  0.47993446 0.40370822 0.4577654  0.69470638
 0.61935159 0.4253276  0.46845945 0.39398871 0.4552189  0.75191081
 0.66140394 0.47752116 0.54233597 0.48237471 0.48592305 0.56654988
 0.37146835 0.41415716 0.56434193 0.4635352  0.60529023 0.52382355
 0.31902081 0.37298201 0.50343899 0.36386011 0.52293139 0.4087863
 0.62865662 0.        ],[0.11157803 0.40078366 0.47902287 0.37036286 0.21005961 0.30129503
 0.65936497 0.69534316 0.50634605 0.39501986 0.26466435 0.32068644
 0.61302067 0.59284938 0.41876159 0.64031986 0.60492321 0.39992648
 0.3997537  0.37581611 0.43368083 0.55061196 0.7748419  0.80051649
 0.80489749 0.81330434 0.75492058 0.46779525 0.33098559 0.44018014
 0.52162225 0.36015889 0.42889846 0.48381478 0.69681352 0.45472939
 0.67471358 0.47207664 0.48353055 0.68808772 0.74648901 0.76903629
 0.77254911 0.66741063 0.43707543 0.56222849 0.52450387 0.33118344
 0.55422235 0.44765821 0.35188714 0.45074238 0.5879295  0.5429752
 0.51291723 0.55689075 0.70078596 0.62816554 0.45064466 0.71632176
 0.67544818 0.35642812 0.35482208 0.55981684 0.54537855 0.68869177
 0.52632718 0.46323545 0.34352904 0.23750138 0.35848365 0.40339294
 0.26846643 0.4919572  0.66049225 0.31535121 0.31611768 0.39475533
 0.47383192 0.        ],[0.1756553  0.54617153 0.56558628 0.33885324 0.24524995 0.35746913
 0.52327945 0.54841656 0.46369984 0.40107526 0.27180782 0.26710108
 0.3001653  0.63857466 0.64546688 0.69293689 0.44316136 0.56626349
 0.41962877 0.42338002 0.38080486 0.51447115 0.86567166 0.86609629
 0.62124128 0.44689634 0.46137558 0.54062528 0.39414692 0.46141497
 0.4915121  0.27368474 0.16361058 0.29297798 0.52907551 0.48577403
 0.68144672 0.67885378 0.48485181 0.73709767 0.76055103 0.67711599
 0.76696848 0.63075245 0.32803675 0.40033177 0.53543025 0.32472229
 0.54523747 0.49938158 0.30947359 0.38693164 0.49160284 0.47596196
 0.42113301 0.47985502 0.64534788 0.53695118 0.61700782 0.71020007
 0.57958984 0.31721847 0.31464354 0.54419162 0.45717254 0.44847714
 0.43735514 0.31038663 0.28822536 0.41030653 0.68367233 0.76630475
 0.5603073  0.57578209 0.605783   0.4890748  0.47140625 0.36956227
 0.38666848 0.        ],[0.42341692 0.53110922 0.36411362 0.11121988 0.34567227 0.62405777
 0.70835384 0.68890562 0.64676482 0.62207835 0.31472354 0.32187526
 0.1754777  0.35866587 0.49660066 0.6428057  0.44215956 0.62759289
 0.75309074 0.65748349 0.55580827 0.56412727 0.81985578 0.75313571
 0.51550343 0.38732815 0.27735039 0.30010339 0.35710886 0.3923755
 0.5439121  0.35179269 0.15577334 0.31636926 0.57931047 0.57950907
 0.48968851 0.3426561  0.29198754 0.60290898 0.49219673 0.49036661
 0.72239999 0.71585916 0.37378263 0.23591599 0.40808243 0.44023098
 0.54147803 0.73398736 0.50777272 0.48178911 0.64278605 0.65829849
 0.57123024 0.5176004  0.54627048 0.40450843 0.63391755 0.71357955
 0.68528136 0.6205476  0.32364736 0.4696843  0.67572236 0.52114382
 0.36546487 0.59353077 0.39127774 0.40193202 0.66830525 0.77335203
 0.73261393 0.72062822 0.68128075 0.49149876 0.44442787 0.61839201
 0.52072137 0.        ],[0.39629211 0.47020168 0.38016947 0.27586341 0.54330053 0.569773
 0.35999552 0.43868859 0.65315578 0.7187893  0.60499022 0.51657516
 0.27885415 0.42485791 0.40056384 0.42905693 0.31205649 0.55644884
 0.71395896 0.58804041 0.40532129 0.34405223 0.7010196  0.46759214
 0.24072411 0.22646058 0.38765767 0.4819101  0.57608374 0.68515634
 0.64316043 0.55356735 0.3759114  0.61341376 0.78813034 0.75296626
 0.61024352 0.31152654 0.2953167  0.42579238 0.61082214 0.56949397
 0.49127688 0.42499275 0.36067513 0.37564701 0.59755208 0.75273428
 0.78909236 0.77321557 0.53106723 0.5696015  0.7903055  0.58678312
 0.57659341 0.6485765  0.69983283 0.55061326 0.6252246  0.38067468
 0.42585459 0.53497584 0.37603414 0.64193922 0.77883516 0.43306733
 0.31833501 0.60968527 0.29212163 0.30614011 0.41319552 0.40262051
 0.40646456 0.55083959 0.53559743 0.72769704 0.618084   0.54257137
 0.63513273 0.        ],[0.43382899 0.53226571 0.54863799 0.49666481 0.41372867 0.30970484
 0.29755976 0.40735286 0.57854955 0.70131057 0.71118195 0.54192166
 0.39468564 0.41295237 0.2660336  0.30090558 0.46956802 0.5912245
 0.56177221 0.65165042 0.37774708 0.43185859 0.71082858 0.68865576
 0.44579588 0.22698122 0.39937176 0.61639235 0.55288032 0.71115075
 0.5727942  0.37336057 0.42647582 0.42807393 0.71691936 0.73019161
 0.75700754 0.35356384 0.23302481 0.22766322 0.33087596 0.45376292
 0.41723699 0.32175342 0.36743751 0.25617896 0.59655646 0.69763351
 0.58898947 0.53447758 0.49462357 0.66510451 0.814469   0.73675722
 0.60464978 0.71216251 0.82993456 0.60732803 0.39528142 0.46524154
 0.53244126 0.66633419 0.58263102 0.78380818 0.72283055 0.41836631
 0.34445    0.3014472  0.2615932  0.33688512 0.2592514  0.52486323
 0.34427775 0.52369511 0.53434295 0.63508108 0.40602912 0.24885965
 0.35977154 0.        ],[0.70379996 0.44633503 0.43077384 0.54060795 0.4865422  0.63564722
 0.6858174  0.54212238 0.31976211 0.47042979 0.36272854 0.31172321
 0.45929308 0.53029364 0.31445664 0.59509984 0.73642868 0.62932278
 0.3158221  0.34093827 0.23193975 0.32728473 0.49464683 0.62141115
 0.67042079 0.44974188 0.32458977 0.57627139 0.48251317 0.54198906
 0.52909446 0.41662612 0.29249307 0.4428862  0.39606354 0.38483244
 0.73478246 0.60413864 0.33185191 0.19584211 0.22480523 0.42271629
 0.3808857  0.58376692 0.39426986 0.28445205 0.54735696 0.31932576
 0.41785248 0.67159192 0.45787994 0.42299009 0.5413436  0.71237093
 0.49801853 0.4619963  0.58946437 0.36023994 0.3981818  0.28886983
 0.27849218 0.30265728 0.31990208 0.61536791 0.3828477  0.47558486
 0.52806477 0.3260149  0.47800521 0.51251588 0.26788536 0.48981554
 0.37508466 0.61889992 0.45471758 0.25781314 0.38244597 0.42667676
 0.62794423 0.        ],[0.98367018 0.49519555 0.25135188 0.2782158  0.58521011 0.75033104
 0.79795471 0.71098048 0.47651184 0.46479555 0.52178953 0.40900867
 0.39415691 0.43746431 0.38952027 0.57520363 0.70911738 0.67849629
 0.45184262 0.36364673 0.37670378 0.28292418 0.33090383 0.51310123
 0.58780913 0.45282641 0.48957818 0.63662807 0.5045349  0.65193545
 0.65036013 0.40575933 0.45366824 0.648976   0.36735071 0.44392402
 0.73011485 0.69247595 0.52007926 0.42284478 0.48701068 0.57417732
 0.35666626 0.44955938 0.50719332 0.45461105 0.40493664 0.26151416
 0.63944459 0.75095577 0.72349217 0.64350162 0.71026567 0.65130517
 0.42177284 0.57543596 0.39714282 0.34156598 0.41785206 0.49675453
 0.5508543  0.35303545 0.33749938 0.54275276 0.32470444 0.3322938
 0.49389643 0.42697966 0.52184917 0.58612687 0.42251752 0.43671457
 0.42946684 0.75657832 0.70880227 0.29007808 0.25629883 0.46781359
 0.54845928 0.        ],[1.0431732  0.68809742 0.32771273 0.13393476 0.48689945 0.51808517
 0.51644898 0.35692835 0.65115654 0.71890478 0.45935087 0.51657536
 0.37435142 0.27359971 0.40388456 0.65673648 0.7302769  0.49696947
 0.60537665 0.52646324 0.51681374 0.52943804 0.27311292 0.31224354
 0.49360485 0.32487413 0.26827383 0.31443598 0.57260106 0.60897828
 0.58238577 0.63751322 0.72072246 0.75263604 0.54136991 0.47051391
 0.70905214 0.63797594 0.39955192 0.39365553 0.5935843  0.57430785
 0.49353114 0.52478328 0.33810241 0.2792932  0.57559246 0.47514989
 0.69464968 0.45633319 0.60616422 0.44954258 0.37333318 0.31418423
 0.41022859 0.46311902 0.56166189 0.68075472 0.49054811 0.5416253
 0.61420118 0.38221552 0.2897167  0.43277283 0.43531245 0.33116288
 0.67654665 0.69840339 0.57234153 0.35076469 0.57913827 0.55424069
 0.57055611 0.79076752 0.86242774 0.69120237 0.49351324 0.6045089
 0.48348219 0.        ],[0.3316638  0.5922776  0.44277553 0.18868012 0.57996375 0.53235667
 0.58454758 0.20574374 0.2832944  0.56328949 0.37841026 0.50137234
 0.41044143 0.4746552  0.49543842 0.40156722 0.47348514 0.45059992
 0.50860499 0.40977446 0.46979725 0.70203924 0.58023869 0.47952257
 0.58048473 0.55587967 0.55339113 0.44458585 0.35441956 0.62210324
 0.64416857 0.75924236 0.81495549 0.61815644 0.59766054 0.50543635
 0.54355528 0.60662052 0.47761968 0.35572774 0.51226894 0.69252957
 0.59643389 0.33309249 0.2534295  0.22989298 0.62906687 0.74810302
 0.72597729 0.46456476 0.37518442 0.41568771 0.45794759 0.42809401
 0.47614736 0.55177374 0.71430408 0.6962987  0.71079473 0.72910526
 0.67651096 0.54253442 0.54028849 0.47078599 0.33494434 0.25809112
 0.55909762 0.57603679 0.36565875 0.33042476 0.44222557 0.57593459
 0.69949646 0.72497408 0.73200238 0.76330373 0.51645061 0.39290467
 0.50103511 0.        ],[0.57434962 0.59710628 0.43248317 0.29140149 0.63610398 0.48820931
 0.36628516 0.17772397 0.32554035 0.47745815 0.30089792 0.34217172
 0.47039648 0.58363622 0.61427724 0.29891711 0.44140077 0.66145181
 0.5795475  0.45592858 0.69029996 0.8015574  0.6193902  0.59095362
 0.71549905 0.74976855 0.47680613 0.54393756 0.32323509 0.27399917
 0.29716627 0.55839836 0.7697014  0.66334723 0.75146586 0.73610781
 0.57617696 0.41106426 0.51935781 0.67590632 0.62163881 0.6408353
 0.37085263 0.42511605 0.47691966 0.3548156  0.66881972 0.79879697
 0.70505736 0.63538789 0.33389369 0.22556449 0.33282122 0.6708138
 0.73117774 0.3866305  0.44904293 0.69750734 0.75447071 0.57705611
 0.53311164 0.65470729 0.75714335 0.74436717 0.74364828 0.55741249
 0.42931908 0.26675644 0.43734668 0.59553918 0.56277065 0.53547688
 0.6711416  0.70072405 0.58120633 0.46650943 0.28003421 0.2097763
 0.22849262 0.        ],[0.84752949 0.6330287  0.56374892 0.56813112 0.45701761 0.42871785
 0.33285533 0.25277003 0.59484081 0.45004141 0.62081297 0.63831997
 0.37688634 0.40621269 0.69499811 0.54705599 0.45186405 0.40865687
 0.51347978 0.67112779 0.59417362 0.76337009 0.54004362 0.4064515
 0.57298827 0.70628434 0.51752767 0.33763993 0.19062208 0.19693411
 0.39260195 0.3678707  0.58438207 0.68933097 0.77113596 0.83898743
 0.6777951  0.52717487 0.7509619  0.6497152  0.46951832 0.56238549
 0.43845006 0.32792457 0.43286084 0.41701206 0.62118632 0.58074872
 0.39649891 0.40004233 0.52255961 0.36361259 0.52776919 0.58354047
 0.57791872 0.33241189 0.4758052  0.59380435 0.5063383  0.58040215
 0.52473977 0.42620536 0.5809661  0.72260697 0.86922189 0.70660116
 0.28403591 0.1579758  0.33014219 0.43444642 0.61713246 0.70292221
 0.7374178  0.43030107 0.33155783 0.53176372 0.31823002 0.20998565
 0.28765124 0.        ],[0.80152652 0.68852833 0.64519159 0.6614546  0.67245567 0.56493181
 0.3830728  0.25721396 0.65556558 0.62803929 0.72222339 0.46608035
 0.20497044 0.19608894 0.48907095 0.60080661 0.67574545 0.49888024
 0.33936482 0.67739368 0.6518211  0.59375992 0.35646744 0.33441455
 0.30285867 0.45022516 0.5496681  0.53464531 0.41626301 0.40931431
 0.58732117 0.4215802  0.55063765 0.69644794 0.71211757 0.69284395
 0.44414357 0.32053742 0.69478935 0.67313072 0.35243225 0.52229547
 0.56869689 0.47816735 0.54386063 0.48880541 0.56717981 0.70473872
 0.53224047 0.42234593 0.62170058 0.63269962 0.71706839 0.52104999
 0.25237098 0.37126406 0.67469487 0.67726541 0.52184662 0.65821387
 0.7452806  0.55012982 0.53900057 0.53092093 0.75959617 0.46916715
 0.32129059 0.37637405 0.40905133 0.38700633 0.5075042  0.63864589
 0.57479564 0.43445333 0.32821733 0.51894083 0.61726076 0.32389722
 0.63035814 0.        ],[0.31008031 0.41491169 0.4822024  0.54639155 0.70474574 0.80924151
 0.67411804 0.37325293 0.37020402 0.58004607 0.61865856 0.50084303
 0.46002921 0.28127752 0.41229555 0.39427278 0.6974534  0.61972015
 0.40328553 0.42486267 0.50173237 0.5313821  0.24834636 0.20239902
 0.30114878 0.64591054 0.69285563 0.50997367 0.26575356 0.26182634
 0.36493251 0.55508332 0.79570607 0.84600099 0.82040065 0.51242901
 0.35835896 0.35950199 0.53280323 0.70944471 0.49338908 0.60964867
 0.44274362 0.23696322 0.22818048 0.3334915  0.443673   0.43340252
 0.36496199 0.26646378 0.42203949 0.47140248 0.66998102 0.3246334
 0.20034018 0.47129369 0.78419106 0.78912153 0.72707126 0.55298751
 0.73325596 0.76233849 0.6783432  0.52898923 0.69092808 0.45886849
 0.62223181 0.69941914 0.6194808  0.46339681 0.32512801 0.2135148
 0.14684823 0.20950122 0.37281797 0.6350561  0.71142105 0.49240006
 0.72728232 0.        ],[0.71435372 0.66026168 0.7520089  0.83847001 0.57736987 0.58420961
 0.46075996 0.60042414 0.40225776 0.42041919 0.28619156 0.48618175
 0.56139767 0.39448317 0.59690682 0.4116416  0.58167996 0.5882896
 0.48646978 0.26353923 0.4779115  0.63055689 0.43854024 0.39640351
 0.31279615 0.43982256 0.41966627 0.31518972 0.37634296 0.51363243
 0.64206003 0.77969808 0.6958466  0.71056808 0.85716927 0.74782256
 0.69513265 0.43305535 0.31620919 0.44036621 0.3543818  0.56538305
 0.66711481 0.48140168 0.34915038 0.44060497 0.65113753 0.39901548
 0.46250118 0.48503008 0.6656669  0.427657   0.51705826 0.47665823
 0.44238132 0.42807236 0.53470121 0.48264042 0.67889106 0.37014678
 0.43583969 0.60961261 0.35928709 0.59503251 0.7286903  0.46917735
 0.54001651 0.47420342 0.30829731 0.31854745 0.21057363 0.19696191
 0.07953275 0.10747555 0.22791734 0.53665862 0.77054459 0.65725356
 0.57542318 0.        ],[0.90264698 0.81335346 0.73275507 0.70534269 0.77019008 0.55655858
 0.48437376 0.56109184 0.48299681 0.3076743  0.22118031 0.46871959
 0.63079985 0.42884144 0.43732741 0.31454184 0.41404233 0.25329834
 0.22971574 0.2846008  0.46598837 0.54862302 0.31766278 0.43522212
 0.50740752 0.41014115 0.41379917 0.54649702 0.34385539 0.36364964
 0.78085331 0.73680565 0.36368258 0.33652247 0.71724685 0.55753975
 0.55540669 0.41832294 0.48742937 0.37279419 0.36442229 0.36343632
 0.65150392 0.81325072 0.61739871 0.35722841 0.63533689 0.45648091
 0.58144364 0.68801988 0.72599648 0.59012929 0.29832826 0.33797328
 0.69501833 0.73249324 0.65910941 0.34450706 0.51968389 0.70547006
 0.64721313 0.47916535 0.31171244 0.47165303 0.48811187 0.46769241
 0.56091641 0.57121996 0.4091214  0.574678   0.50168706 0.58727683
 0.2389752  0.28409994 0.35013591 0.52768548 0.55241821 0.58878527
 0.57376761 0.        ],[0.79044271 0.61693825 0.41740643 0.34788904 0.72536158 0.64675839
 0.49446216 0.52147585 0.31844063 0.27732233 0.40485868 0.63234319
 0.74308009 0.62928849 0.33671892 0.36802893 0.25646635 0.23463869
 0.39680219 0.52877251 0.57887846 0.59044973 0.55087408 0.56712731
 0.40049835 0.45847457 0.36729483 0.65982304 0.39489979 0.29800182
 0.72330162 0.75434012 0.47929277 0.4968386  0.64175619 0.4469647
 0.68226828 0.57934703 0.52947827 0.5882363  0.45423323 0.40013575
 0.71159947 0.80992784 0.57033922 0.2588205  0.44389154 0.44497785
 0.67527143 0.73966718 0.43274972 0.46303094 0.38097769 0.48561277
 0.58616307 0.70351288 0.80613595 0.63881574 0.47178988 0.69008849
 0.57112017 0.56901494 0.56266434 0.35805181 0.373113   0.69556122
 0.62653717 0.54509949 0.51494113 0.36418989 0.49806602 0.54209652
 0.3663425  0.38240972 0.3394042  0.32121488 0.42121238 0.53403605
 0.48045117 0.        ],[0.08827663 0.42609037 0.51038289 0.43734081 0.46058983 0.33523459
 0.23245349 0.22133448 0.34013346 0.35080942 0.52702125 0.36155163
 0.40092259 0.66874786 0.58377411 0.37535209 0.20577302 0.40506778
 0.39177179 0.67249158 0.69795821 0.55409652 0.57769317 0.63029515
 0.45699414 0.57849677 0.49500443 0.6387869  0.68199706 0.57073533
 0.60257159 0.45451189 0.51641745 0.73072173 0.44686086 0.41744094
 0.65162947 0.54814178 0.45485601 0.53071227 0.51671855 0.46508728
 0.4323167  0.43689713 0.44057787 0.1652698  0.1268366  0.18258337
 0.50283836 0.67016019 0.31217105 0.36268141 0.32653357 0.58017114
 0.68049586 0.53091254 0.66979504 0.62970675 0.38394839 0.34740435
 0.34015492 0.28765969 0.56051751 0.6700993  0.57364765 0.64392768
 0.70518044 0.61821811 0.58613383 0.30347336 0.24103684 0.3650639
 0.44117559 0.52306001 0.52377516 0.49691382 0.48899928 0.42552941
 0.47875281 0.        ],[0.32270651 0.27050431 0.35128471 0.4930497  0.43812102 0.28211419
 0.32886589 0.26510912 0.35137464 0.36162303 0.65707845 0.54957974
 0.43297058 0.57148168 0.78647768 0.6387578  0.31027945 0.30580534
 0.51055265 0.54411594 0.62668995 0.40637435 0.48039972 0.54943667
 0.58367737 0.68619356 0.69454887 0.79226901 0.61878557 0.41860846
 0.40718808 0.4015166  0.45983173 0.64681292 0.45161866 0.70760299
 0.75176264 0.60890564 0.55472401 0.63564196 0.53682543 0.60837397
 0.39541501 0.37590659 0.46490032 0.29505814 0.1387273  0.23827716
 0.56299113 0.59757729 0.49652581 0.62687812 0.53207018 0.52682354
 0.73957837 0.45707725 0.36605083 0.64272918 0.49485724 0.52939139
 0.46851155 0.256215   0.62406334 0.76997172 0.5425933  0.35350009
 0.30551379 0.3224282  0.32508588 0.21051999 0.23885177 0.48379525
 0.50846105 0.44316314 0.60322353 0.70531931 0.57099263 0.58967639
 0.4508792  0.        ],[0.49752582 0.43586979 0.46927091 0.56240369 0.59972724 0.60751498
 0.54084117 0.25948507 0.22370738 0.57133877 0.76856521 0.61126518
 0.37869778 0.39019058 0.69095278 0.66099484 0.4185789  0.3420624
 0.55289413 0.45270702 0.55040148 0.44676178 0.30264599 0.50959186
 0.42527298 0.46328339 0.64455326 0.7366652  0.53497348 0.35983219
 0.31868182 0.33950396 0.53652495 0.34164566 0.40965461 0.63693662
 0.37886546 0.29365308 0.37028987 0.51752184 0.57486659 0.48598419
 0.42709326 0.32675808 0.3323709  0.42805113 0.30308687 0.47759306
 0.7405748  0.72675    0.49254744 0.64870109 0.6882818  0.64346837
 0.69941569 0.40465981 0.3563192  0.60125192 0.62185997 0.64009204
 0.37748951 0.25056103 0.53522028 0.66728053 0.45872845 0.47558112
 0.40461772 0.66967309 0.68383925 0.45283944 0.57273409 0.68357971
 0.72487464 0.45915411 0.48274146 0.70024901 0.76307465 0.69367594
 0.39333212 0.        ],[0.27439367 0.38960245 0.4950982  0.5360919  0.39617036 0.38625085
 0.4030576  0.35279831 0.29722514 0.39021922 0.4971602  0.40319333
 0.59613682 0.60564847 0.54625237 0.65874104 0.48775814 0.58778005
 0.62978906 0.56983113 0.45343612 0.48346405 0.28849769 0.22771714
 0.30759316 0.34552886 0.55962159 0.54779034 0.47717397 0.31647311
 0.32823261 0.53497778 0.58125468 0.46717487 0.4938874  0.35712928
 0.34840706 0.33338785 0.42050799 0.40898397 0.60761884 0.32568101
 0.33266343 0.37463554 0.55892656 0.59763977 0.65773459 0.49423519
 0.63302586 0.5760903  0.43627305 0.41125051 0.55799918 0.61183186
 0.45034361 0.44260457 0.42202215 0.57823342 0.56053609 0.3360514
 0.46523386 0.51618999 0.75458168 0.75533634 0.5127015  0.42567582
 0.53112458 0.58913502 0.59178887 0.53224202 0.41655952 0.62728053
 0.68691521 0.38047856 0.60280663 0.47218151 0.50285987 0.66025509
 0.41863995 0.        ],[-0.06467341  0.37754263  0.59905528  0.65354414  0.68525228  0.6436904
  0.68503239  0.52116862  0.42702084  0.27613035  0.44870216  0.3951576
  0.45792641  0.59373905  0.66483616  0.612232    0.49512098  0.31464145
  0.27380372  0.5411579   0.70057968  0.52470155  0.29838067  0.13069268
  0.24153298  0.47165182  0.65296052  0.68812016  0.6693928   0.63123941
  0.37439589  0.2761397   0.40861024  0.39902342  0.25731397  0.30237313
  0.35066451  0.36940984  0.52441695  0.65620401  0.53741564  0.53325484
  0.51335121  0.50833224  0.34522378  0.33029624  0.53805719  0.60340071
  0.75358463  0.62215065  0.49614281  0.28965064  0.49903172  0.49634647
  0.60270773  0.3455034   0.51758417  0.59277988  0.65891964  0.38248034
  0.52318147  0.45779016  0.73685928  0.64024379  0.65099471  0.38478561
  0.53224355  0.44731597  0.3290731   0.35661189  0.50725678  0.35225462
  0.33404106  0.41170008  0.56375616  0.53846673  0.41528052  0.69396443
  0.43490691  0.        ],[0.51736894 0.54873431 0.43100937 0.28312319 0.41433175 0.46424461
 0.56130206 0.28615055 0.3109024  0.35956105 0.25517112 0.2743381
 0.33590741 0.32135771 0.50095903 0.59359815 0.58181181 0.41841997
 0.20568711 0.5078859  0.74417953 0.72779602 0.42284321 0.33094987
 0.46946992 0.58712384 0.48526482 0.42757472 0.40078153 0.56056209
 0.41782531 0.24700903 0.32092715 0.41938835 0.2335624  0.23507332
 0.23030412 0.47272129 0.73531222 0.67945816 0.6308211  0.69905748
 0.68549389 0.7046952  0.52107551 0.31043811 0.31277915 0.31334404
 0.4933283  0.54204733 0.49472519 0.36334908 0.60477687 0.47722383
 0.49619281 0.23789391 0.32459784 0.49667845 0.66346268 0.78289518
 0.83269319 0.71647559 0.73038721 0.69004566 0.59072493 0.45704819
 0.60664932 0.66496267 0.46185604 0.41844091 0.72489302 0.65975415
 0.38955715 0.53598218 0.44760453 0.40268939 0.50973042 0.5633495
 0.30937353 0.        ],[0.94305618 0.53822372 0.32401341 0.31223529 0.4839382  0.53679304
 0.47447827 0.25219349 0.21719982 0.36783969 0.29898056 0.41699011
 0.45362014 0.31846138 0.51212845 0.7366117  0.72295143 0.39317952
 0.25404492 0.43660891 0.44566376 0.50204778 0.54734496 0.51097968
 0.33261924 0.54869704 0.5674269  0.3240748  0.27462068 0.44099258
 0.30331877 0.25808831 0.50883394 0.63974389 0.41968624 0.29520837
 0.22258069 0.38507135 0.63410244 0.51070486 0.50295146 0.68568011
 0.66185677 0.53443611 0.61123421 0.3202636  0.441366   0.39807146
 0.33559579 0.61111202 0.70212119 0.36890068 0.37409947 0.61812641
 0.57006284 0.46524423 0.50343016 0.58239831 0.51461123 0.70970187
 0.740581   0.71100072 0.76910608 0.64160587 0.41102681 0.32026907
 0.64682386 0.75318221 0.56352969 0.66030985 0.63365307 0.80156863
 0.68227586 0.37485581 0.43764983 0.45193683 0.5400268  0.34640771
 0.3935179  0.        ],[0.17441902 0.41603987 0.58305212 0.6940449  0.7691809  0.69954788
 0.63386151 0.50954672 0.38761781 0.33050716 0.45589176 0.46023336
 0.53570181 0.37334608 0.30293215 0.40010962 0.49192588 0.44980167
 0.45700536 0.57306718 0.50125102 0.32787606 0.5204746  0.33255396
 0.39298834 0.55384701 0.43057086 0.42195989 0.3493906  0.5433328
 0.53533413 0.38340672 0.35865019 0.57369638 0.57968519 0.44641651
 0.42592408 0.4903142  0.40404175 0.62585834 0.59181475 0.53400908
 0.52886293 0.28307662 0.42521295 0.41953347 0.40612582 0.58769157
 0.46040182 0.43729153 0.57952823 0.2945979  0.34778926 0.45606383
 0.58268883 0.64655681 0.74832318 0.65135402 0.64434576 0.41660319
 0.43383493 0.66616546 0.632668   0.63377868 0.42073426 0.3872386
 0.67504384 0.64830978 0.48295963 0.66865876 0.73924076 0.80688291
 0.52250467 0.25138166 0.36993565 0.44992138 0.56882912 0.38307641
 0.48815945 0.        ],[0.47387628 0.49223238 0.48528815 0.48689447 0.57525362 0.54848565
 0.41646447 0.51518288 0.33569571 0.24436935 0.36630285 0.29144751
 0.32679314 0.6192005  0.3554871  0.45604672 0.45594709 0.6353159
 0.52238742 0.46438674 0.4606831  0.26603791 0.35106597 0.26517305
 0.52649409 0.7242581  0.65788691 0.68717814 0.62228591 0.62590767
 0.52058682 0.62396508 0.54884967 0.50246126 0.36532917 0.3403179
 0.59618002 0.54585081 0.61661641 0.8265019  0.68031849 0.32815332
 0.35631833 0.29802862 0.39043667 0.66322437 0.70422321 0.72965683
 0.63905346 0.53540591 0.59227926 0.3528017  0.31006843 0.52309996
 0.48816338 0.67486463 0.70519775 0.58440232 0.4368392  0.38336846
 0.25397932 0.52582707 0.62192913 0.61086217 0.46365165 0.63852628
 0.8065962  0.68309198 0.40675595 0.6499961  0.63729162 0.56787798
 0.28766807 0.19751075 0.23992371 0.50334369 0.42479238 0.51181489
 0.60523835 0.        ],[0.61013853 0.24249125 0.34444226 0.66211147 0.50203666 0.57427771
 0.68773994 0.6712263  0.4505101  0.23506933 0.3444873  0.55416665
 0.42368675 0.75026336 0.61792566 0.54582323 0.47884974 0.65654849
 0.62173187 0.44197283 0.57951377 0.27427458 0.36793115 0.29912583
 0.42688785 0.61285741 0.59204031 0.63211682 0.77867901 0.64359461
 0.56404055 0.55489936 0.35109744 0.52077277 0.59876792 0.64150897
 0.79733577 0.69098582 0.51863096 0.6245873  0.42245588 0.46288925
 0.50633963 0.50394132 0.27336142 0.37797836 0.70987948 0.64218894
 0.37373703 0.37279476 0.55025524 0.56927892 0.42371861 0.30401576
 0.43966451 0.52238633 0.58629384 0.7029047  0.32417601 0.49632639
 0.2892672  0.61979051 0.67893656 0.38675546 0.46523873 0.61281767
 0.6278864  0.68244421 0.3680063  0.39339384 0.41866513 0.37116875
 0.31653778 0.21738482 0.28802494 0.63978467 0.57438443 0.5686907
 0.33205362 0.        ],[0.22503262 0.28656478 0.51127572 0.7819547  0.75098858 0.72698346
 0.73156559 0.48748754 0.70092757 0.50776993 0.28140966 0.66587418
 0.78089795 0.75566591 0.51008876 0.61389554 0.60960431 0.40528374
 0.49538216 0.41055294 0.42553724 0.3517041  0.60655917 0.64972848
 0.64537823 0.60968389 0.61379324 0.44385819 0.63034885 0.49529429
 0.45678639 0.51207949 0.46246077 0.60938921 0.63987497 0.48167833
 0.53133548 0.42060751 0.45238488 0.54324659 0.64236228 0.66262327
 0.59550527 0.51488795 0.27433349 0.4792312  0.62412229 0.45108112
 0.43575388 0.34042324 0.69197817 0.66897129 0.62817489 0.45135509
 0.67905633 0.79427251 0.77992186 0.70432469 0.25907375 0.22261189
 0.283997   0.37677009 0.69414165 0.49137728 0.41545141 0.68964023
 0.64200528 0.64857503 0.41838857 0.36719178 0.25552919 0.3168384
 0.52362723 0.29669723 0.25438506 0.55333459 0.66634348 0.60624379
 0.37018022 0.        ],[0.3680344  0.32460149 0.47153101 0.72629849 0.73609426 0.44856694
 0.44428157 0.33681348 0.64165555 0.71207292 0.40700504 0.62016752
 0.76486063 0.60311892 0.42043867 0.39963342 0.47797128 0.39083185
 0.29331729 0.32483146 0.43206572 0.43895303 0.57923176 0.77383675
 0.75465366 0.40145264 0.44832702 0.61472733 0.66526481 0.41977577
 0.56365093 0.65611552 0.42287033 0.24652388 0.36036967 0.39269848
 0.40091985 0.62361621 0.66713433 0.69776704 0.64534328 0.61119121
 0.51658516 0.68314143 0.57209813 0.59763006 0.57813052 0.46429857
 0.46543636 0.52685045 0.59701009 0.69153368 0.74646723 0.74418096
 0.74883209 0.78154186 0.54757978 0.44046163 0.4519058  0.36378399
 0.41329746 0.49795164 0.6476235  0.34910605 0.52913109 0.63392908
 0.66726483 0.50258702 0.59611323 0.60436147 0.33628438 0.50791738
 0.43737284 0.53492611 0.42694872 0.38649347 0.36995937 0.32094913
 0.58201918 0.        ],[0.44206293 0.53736371 0.55507574 0.52774638 0.58882244 0.72479513
 0.66369067 0.58608785 0.4262685  0.60766612 0.50863123 0.55332597
 0.58847526 0.50724443 0.58035627 0.38506553 0.43372775 0.53671235
 0.3239606  0.59811631 0.63167088 0.70496383 0.72626772 0.62717362
 0.65350156 0.28913584 0.51265742 0.59554424 0.58060287 0.50356806
 0.47905233 0.58294527 0.34564274 0.20823824 0.38405358 0.59823925
 0.41949213 0.39533502 0.2908287  0.40211258 0.64461101 0.42121174
 0.30884898 0.5771219  0.68113628 0.51540005 0.28554937 0.34128994
 0.40841375 0.44037892 0.34339206 0.51194951 0.52833918 0.67527231
 0.63261699 0.7050364  0.46234172 0.37516697 0.39527301 0.28864094
 0.33202247 0.54100395 0.51019614 0.40624514 0.76368559 0.77274713
 0.72353101 0.3441797  0.54373355 0.55998541 0.48395661 0.32461175
 0.48910258 0.63866415 0.6646614  0.64063221 0.45114022 0.24801409
 0.68783926 0.        ],[0.5006988  0.37893301 0.40670047 0.52339055 0.58927231 0.78515001
 0.787453   0.60259289 0.57723351 0.46533612 0.39132978 0.58606266
 0.60671403 0.48177111 0.50306785 0.47953301 0.51872542 0.53263545
 0.37947268 0.51512141 0.48459303 0.62443369 0.81107701 0.70316879
 0.48207492 0.32624856 0.55870207 0.42255285 0.33521291 0.48755862
 0.46972075 0.33160931 0.27442472 0.47162155 0.39636946 0.39507199
 0.4851599  0.30054625 0.2247644  0.5535463  0.64136401 0.65711993
 0.52287033 0.37266689 0.33740745 0.43618529 0.41453848 0.44311516
 0.41166759 0.25545741 0.45430401 0.619913   0.69624474 0.51838031
 0.39084044 0.60580107 0.543978   0.3869086  0.3235264  0.18442893
 0.38899302 0.57478306 0.56954893 0.69066748 0.72710385 0.54013323
 0.59262467 0.43416036 0.69197778 0.58378393 0.29258766 0.33518423
 0.46539552 0.56655319 0.40873438 0.3999286  0.33356334 0.25673578
 0.63413923 0.        ],[0.36187004 0.50199749 0.6586362  0.71511552 0.43034285 0.4777563
 0.5958159  0.4883058  0.47178193 0.58663266 0.63678642 0.50400658
 0.31026362 0.21938441 0.25256273 0.53040556 0.41936706 0.52232853
 0.4090617  0.61818967 0.60929129 0.48861084 0.7353737  0.47601702
 0.27483151 0.45770147 0.68481802 0.39778473 0.48287402 0.3645969
 0.34731626 0.28182571 0.38199973 0.39958875 0.37255149 0.56589441
 0.64650367 0.39584427 0.3247588  0.4643145  0.49871546 0.50731729
 0.420775   0.37253171 0.33767638 0.64417701 0.73609796 0.68754427
 0.53887117 0.34861666 0.57660095 0.42494746 0.67866704 0.75191971
 0.62473174 0.45902512 0.7244618  0.55928126 0.24031047 0.26502073
 0.45354667 0.52252911 0.69105044 0.60653103 0.42741831 0.61707417
 0.48998627 0.5650551  0.56983447 0.63932585 0.36999708 0.50081062
 0.60514299 0.55128836 0.28987504 0.46832294 0.61328139 0.45844474
 0.55348667 0.        ],[0.40956528 0.5291151  0.58878014 0.61867427 0.61211104 0.32553179
 0.33663708 0.32460199 0.25835919 0.34160255 0.62633069 0.41255614
 0.29940268 0.34137399 0.31116284 0.52324253 0.42883171 0.62840749
 0.51124374 0.30979993 0.56393166 0.68868361 0.67302454 0.4006379
 0.28007288 0.41517228 0.68388834 0.55980434 0.52173271 0.32989344
 0.52487813 0.56081753 0.67608028 0.64575285 0.65179447 0.50017145
 0.44738663 0.39913957 0.51258325 0.58337157 0.38681157 0.55840564
 0.27227449 0.25023609 0.28412944 0.45755277 0.42973331 0.35700528
 0.38595961 0.59898596 0.55632029 0.59338454 0.6869964  0.54066283
 0.61739426 0.75053994 0.67564838 0.32091092 0.2655148  0.39390534
 0.38435725 0.50039141 0.44081899 0.34279576 0.25789583 0.50977197
 0.30046374 0.28846097 0.43179507 0.65217752 0.4447443  0.25237086
 0.33917531 0.43906049 0.42734399 0.67985581 0.62399696 0.37396027
 0.54730145 0.        ],[0.3497345  0.53881973 0.52589026 0.40112116 0.37497817 0.188821
 0.27190875 0.37240815 0.26794229 0.27575582 0.48588836 0.43905408
 0.53071016 0.34717054 0.25738186 0.6372181  0.50391242 0.42294375
 0.49128957 0.30807244 0.58364413 0.69661712 0.39254448 0.29389184
 0.43798377 0.60118009 0.57888418 0.7091968  0.59748409 0.45435229
 0.69099918 0.68577458 0.44334212 0.37751063 0.70396537 0.65079566
 0.48165201 0.31866178 0.30496655 0.32779658 0.43313132 0.6441709
 0.43995284 0.3946625  0.41526046 0.4571423  0.5086892  0.67446783
 0.6807434  0.69915245 0.55565335 0.73541208 0.76488723 0.46887071
 0.71366801 0.77937488 0.48518704 0.32864669 0.28551381 0.28113506
 0.50984854 0.66247024 0.57628208 0.39529879 0.4263947  0.59000139
 0.35339454 0.21238253 0.27840513 0.4062988  0.27319261 0.34253825
 0.41955407 0.33744593 0.6222019  0.74109858 0.4912174  0.35245149
 0.4716551  0.        ],[0.27451829 0.66947087 0.63509001 0.33882177 0.30857505 0.41385651
 0.7274335  0.76745771 0.50841908 0.36216019 0.57239663 0.38744309
 0.45581642 0.29273143 0.25370057 0.66111382 0.48341546 0.44787207
 0.41621648 0.50816664 0.370627   0.54218772 0.23207676 0.19831233
 0.27212188 0.31307625 0.57846602 0.68148805 0.67781898 0.63485659
 0.65409137 0.52137544 0.42974067 0.46641394 0.68261166 0.75468155
 0.36292479 0.31007101 0.24534047 0.28634898 0.28891561 0.57711372
 0.75668033 0.54417478 0.36858896 0.33828295 0.29639743 0.55170212
 0.60746218 0.5659227  0.71749869 0.55741397 0.64413167 0.73216682
 0.66053169 0.62484844 0.69871713 0.62043308 0.55850183 0.41541655
 0.62005819 0.38725675 0.31886087 0.54616211 0.60947467 0.53189923
 0.62464002 0.55902232 0.56578097 0.59346218 0.51356206 0.68987954
 0.61805247 0.57800647 0.60572617 0.51171645 0.42706817 0.45968501
 0.37007646 0.        ],[0.55784838 0.83182771 0.70699497 0.40512347 0.58098371 0.7336701
 0.7752214  0.71962892 0.59452399 0.36098763 0.43983705 0.67153783
 0.71650111 0.62456924 0.30520629 0.48183226 0.46025503 0.48974229
 0.70766569 0.75458669 0.42087347 0.41201153 0.2362943  0.4362845
 0.63196321 0.38142753 0.55293744 0.51994213 0.69219054 0.51956134
 0.44902243 0.39084    0.26317049 0.23104005 0.3700762  0.64512199
 0.40577718 0.49660794 0.28709643 0.30706651 0.35175549 0.62238414
 0.75384557 0.61565834 0.45015037 0.4069385  0.39979671 0.62822806
 0.5566835  0.44305267 0.75077653 0.6849523  0.51719838 0.61279994
 0.62340323 0.64030685 0.6638538  0.53752864 0.53843642 0.37024711
 0.47980708 0.61019875 0.49356943 0.66585021 0.46466414 0.42552617
 0.42807075 0.38756382 0.3038629  0.39132556 0.52788553 0.78380386
 0.63866207 0.63519563 0.68854313 0.48337739 0.43445814 0.59569015
 0.47417608 0.        ],[0.70487604 0.51202305 0.4448103  0.52301545 0.76051524 0.83782786
 0.60326054 0.29914249 0.48165283 0.52938309 0.54779969 0.65658946
 0.71837742 0.67154941 0.45316043 0.32335055 0.33480799 0.58912815
 0.65273817 0.72187778 0.4549544  0.3458325  0.45349583 0.59271539
 0.70359718 0.68089702 0.54729069 0.33948942 0.64045001 0.60174087
 0.50845974 0.31093962 0.27724864 0.1380602  0.25824891 0.5565461
 0.42209197 0.58416913 0.31163171 0.50600156 0.31069146 0.59086122
 0.47231891 0.4312441  0.51444371 0.66190671 0.67837777 0.45654061
 0.60089965 0.69765194 0.7626175  0.76256618 0.42824292 0.44798328
 0.43010698 0.36589494 0.35075227 0.36147157 0.37436271 0.35526466
 0.41711332 0.43880958 0.57772076 0.6565069  0.40481554 0.4027631
 0.60189401 0.51616292 0.25572852 0.39741031 0.65248282 0.77587265
 0.4768528  0.62603773 0.60367598 0.66831878 0.64720051 0.78607047
 0.74457252 0.        ],[1.03780677 0.38338946 0.23654193 0.4678227  0.62455997 0.6402141
 0.5319533  0.18398091 0.26502146 0.26346581 0.38384857 0.38580365
 0.5287038  0.38327243 0.41206367 0.31684299 0.49823267 0.63618637
 0.6881048  0.57951241 0.60382475 0.6715478  0.55911223 0.6346434
 0.45139154 0.74807196 0.69634934 0.52433393 0.73456912 0.75284605
 0.55675632 0.23905189 0.13823472 0.11281593 0.2133092  0.27063843
 0.39660104 0.46863836 0.32968504 0.60678601 0.37264728 0.34651402
 0.29901808 0.42970015 0.60414348 0.53342103 0.46851283 0.44750139
 0.63181305 0.52631954 0.54531856 0.73838474 0.70908889 0.71528464
 0.420064   0.55202704 0.54705146 0.45359602 0.57400042 0.31923359
 0.47835458 0.32892157 0.55677932 0.71209527 0.59755303 0.52989218
 0.7536608  0.502235   0.29116241 0.43732789 0.42444746 0.6705891
 0.49055941 0.4508797  0.66236577 0.51385422 0.41064332 0.51561279
 0.68876198 0.        ],[1.0795366  0.61278498 0.53341911 0.66458634 0.4615939  0.35073833
 0.58024629 0.28623702 0.44278817 0.3975614  0.59235839 0.62282807
 0.58735597 0.54282211 0.3032246  0.35840948 0.5596814  0.62220613
 0.4247095  0.40696972 0.62939054 0.56018634 0.46658505 0.71456414
 0.41795963 0.54448524 0.51020456 0.61062486 0.66910302 0.56646043
 0.49159455 0.33818576 0.23139862 0.20265005 0.3622684  0.32471689
 0.36704245 0.33090471 0.39261825 0.50060875 0.60081935 0.41173881
 0.2977182  0.45935074 0.61265017 0.28741924 0.26331772 0.50069204
 0.49477475 0.46363272 0.6928777  0.67191    0.4579001  0.73559065
 0.69822453 0.48993441 0.62789968 0.51988053 0.55680863 0.48348507
 0.71012088 0.57287416 0.62907488 0.4863004  0.58674884 0.79997988
 0.80291122 0.61234125 0.70476681 0.721397   0.5966236  0.62183752
 0.34803683 0.42776095 0.59121689 0.51860623 0.54981994 0.39869751
 0.47695877 0.        ],[1.0838407  0.48026511 0.31664585 0.47109039 0.50993051 0.40875179
 0.41604706 0.37186002 0.31533985 0.48583695 0.37864323 0.28089306
 0.28792164 0.36577881 0.27090257 0.3072855  0.27050032 0.55167857
 0.58385571 0.54405661 0.63994026 0.59825468 0.64639831 0.76795401
 0.41810253 0.4208909  0.57687914 0.44271257 0.39613021 0.506531
 0.38795886 0.49335619 0.57667303 0.26598613 0.35585014 0.63536323
 0.46661526 0.53615944 0.59871322 0.59006389 0.35799718 0.31913448
 0.45832699 0.63539994 0.60566844 0.47508981 0.5078662  0.60501958
 0.32184521 0.53540512 0.60736847 0.37849117 0.43447975 0.47023372
 0.56755938 0.24187875 0.29161534 0.61549271 0.70560927 0.71163145
 0.69976917 0.75226342 0.57635078 0.47418192 0.63714566 0.80101656
 0.70722672 0.68793402 0.76745574 0.67955466 0.34522678 0.32254125
 0.42510139 0.30862755 0.43514383 0.6791334  0.59265678 0.63930548
 0.49951925 0.        ],[0.76891822 0.30587158 0.19174258 0.3277053  0.40797412 0.45281653
 0.34067275 0.46268876 0.44173935 0.64994921 0.56300389 0.39963777
 0.16822285 0.22831919 0.34629766 0.22742891 0.20138895 0.39524242
 0.25287879 0.24211376 0.39397856 0.59523321 0.78904497 0.79864221
 0.57336268 0.3936089  0.56926488 0.64260673 0.47252984 0.55120853
 0.55311437 0.65725383 0.57655599 0.33437851 0.31515455 0.57464307
 0.5385658  0.72582331 0.80365528 0.69449917 0.25898323 0.24907789
 0.44129027 0.66357051 0.50133291 0.4391617  0.40804426 0.40668947
 0.31562135 0.51011127 0.43873205 0.20235402 0.22625411 0.39268751
 0.56667204 0.37084572 0.30256368 0.52081856 0.72443555 0.49236812
 0.51116551 0.75010893 0.48543035 0.69493879 0.64221901 0.58930652
 0.31428333 0.29094584 0.56747839 0.50967153 0.31699278 0.33850469
 0.61734241 0.49776218 0.38289679 0.54131978 0.47678998 0.57478287
 0.47993545 0.        ],[0.45447265 0.31736921 0.27706283 0.31243045 0.35714152 0.45453762
 0.63039616 0.53699645 0.42601046 0.36542945 0.46000031 0.30292369
 0.10808216 0.19464135 0.30977463 0.36349423 0.39093389 0.29735974
 0.15301964 0.34507119 0.39766266 0.57713108 0.5387218  0.57188711
 0.32111099 0.28785266 0.36926692 0.4083599  0.51082556 0.39021781
 0.39043866 0.40183794 0.63004625 0.68369677 0.38570023 0.28145253
 0.48335341 0.51025267 0.63307692 0.47971981 0.4074541  0.64228893
 0.65011288 0.34745106 0.23420512 0.35822809 0.37000294 0.4519409
 0.34584915 0.29424757 0.32543348 0.36229064 0.48429786 0.5490201
 0.5184794  0.56569068 0.32272307 0.28529726 0.5679723  0.51062261
 0.36011718 0.63485204 0.63184126 0.82631905 0.69876908 0.47499973
 0.40937696 0.2258988  0.26346332 0.27920061 0.5620991  0.57664468
 0.4671105  0.5826226  0.58171904 0.51549485 0.2652084  0.25287317
 0.38305924 0.        ],[0.40962782 0.40995842 0.42791025 0.40896617 0.32205537 0.62878387
 0.63234337 0.35813133 0.40325365 0.30417677 0.37091498 0.37679097
 0.26476597 0.34050748 0.30821176 0.2445629  0.33963638 0.46975083
 0.33177832 0.52501731 0.51792776 0.61763216 0.35831253 0.46798212
 0.44666912 0.58992817 0.44418638 0.51870418 0.63015108 0.4837021
 0.40739977 0.40859292 0.7432245  0.79185146 0.52956008 0.37130568
 0.55600525 0.64975117 0.58588492 0.40440583 0.47651674 0.67328457
 0.6820028  0.28032734 0.34177245 0.56725962 0.44888077 0.62474631
 0.40340255 0.26744856 0.38799674 0.60032724 0.74161639 0.7461909
 0.65735675 0.41192916 0.18799196 0.30912472 0.61878899 0.60570735
 0.33753995 0.4253489  0.54128256 0.69325114 0.5111367  0.427786
 0.60202084 0.38928319 0.41939219 0.24708219 0.3804122  0.62577836
 0.62235748 0.63285877 0.51203158 0.63640834 0.4273092  0.41102542
 0.42692514 0.        ],[0.9423542  0.5979049  0.54486339 0.60043633 0.34040834 0.49250321
 0.54915029 0.40154659 0.60512125 0.49781914 0.33221326 0.59207817
 0.59389306 0.58338547 0.53962462 0.47354664 0.68662832 0.76987186
 0.6085812  0.50754373 0.44820493 0.62991669 0.55704107 0.29101227
 0.23505435 0.49038398 0.68971325 0.63197016 0.38918126 0.25897881
 0.33887395 0.56030542 0.5163872  0.39209459 0.35271259 0.36244361
 0.59045581 0.70564306 0.37661994 0.24033433 0.36842005 0.64733019
 0.66458444 0.41031434 0.52473587 0.65134013 0.4815584  0.46730508
 0.56196405 0.31819209 0.20418671 0.31138346 0.38966215 0.38519598
 0.51772017 0.41005453 0.32933651 0.3677108  0.28273099 0.37734007
 0.60529719 0.63328097 0.70179649 0.56725545 0.38813858 0.54334767
 0.62284408 0.57220081 0.70279939 0.36143726 0.2508438  0.40999309
 0.49120909 0.38243985 0.32699872 0.54061093 0.39142651 0.4387012
 0.38929808 0.        ],[1.0163684  0.64085789 0.49043157 0.55310799 0.63034267 0.33479618
 0.49355432 0.44533259 0.6296371  0.68122447 0.49149467 0.47401172
 0.42276521 0.38726979 0.58925658 0.66821292 0.69971278 0.80569434
 0.69909192 0.55731439 0.70129858 0.73768354 0.66151758 0.24513864
 0.28378147 0.55550384 0.74970071 0.58412028 0.5015069  0.41885958
 0.56019362 0.66843013 0.47070396 0.26942473 0.32137794 0.35873242
 0.60787264 0.52748181 0.46558221 0.54319957 0.70368352 0.67765395
 0.5239793  0.38813139 0.54933878 0.48564456 0.27422705 0.53726845
 0.55978009 0.24921727 0.27962971 0.60368816 0.60058276 0.32811546
 0.38508688 0.58925918 0.60386417 0.42161259 0.32751331 0.3271463
 0.5608276  0.46335186 0.66690982 0.60591734 0.46892528 0.45505482
 0.40958884 0.33130096 0.6506159  0.61399264 0.53973777 0.42122282
 0.36001073 0.44877386 0.44329993 0.54670703 0.51438075 0.59204235
 0.58954058 0.        ],[0.816845   0.63640509 0.61255609 0.70860432 0.66666237 0.27724467
 0.52070651 0.70185506 0.56107946 0.32428615 0.35444485 0.37358422
 0.34611018 0.4043542  0.64473031 0.78859257 0.80079916 0.82430276
 0.52814404 0.40327441 0.6657817  0.72223918 0.39644926 0.27623596
 0.49427772 0.51693681 0.79462513 0.75433921 0.51973293 0.34919529
 0.34812032 0.47066164 0.30170168 0.3335888  0.3270151  0.3023271
 0.54525234 0.39819199 0.52183893 0.7978518  0.84405153 0.62536844
 0.47169965 0.53514433 0.33587213 0.36660383 0.26459215 0.56626982
 0.68604872 0.44325353 0.30990182 0.44438259 0.50284853 0.54793246
 0.28886102 0.40474405 0.70962227 0.55938199 0.39920364 0.4153557
 0.57355057 0.58501859 0.63604672 0.48483432 0.46150145 0.47424366
 0.44784609 0.40943618 0.52113176 0.42742984 0.61927684 0.32962365
 0.37876242 0.59574335 0.40968021 0.61507036 0.7844256  0.70157041
 0.62224083 0.        ],[0.5556274  0.68785545 0.68460025 0.60644089 0.57227593 0.43068804
 0.70646439 0.71278625 0.54518304 0.29168048 0.41639695 0.46030324
 0.61651068 0.63285701 0.62229908 0.73901041 0.74197161 0.77315848
 0.58731716 0.69065194 0.54828251 0.53759272 0.46045717 0.28837054
 0.28197886 0.41717861 0.62944384 0.66840431 0.53704808 0.33658578
 0.39218951 0.52282536 0.39105608 0.39513924 0.54477123 0.41466406
 0.51837757 0.34436162 0.44839845 0.74338636 0.71379579 0.47712845
 0.39265659 0.40731325 0.42521909 0.45945237 0.3378104  0.30677815
 0.4613662  0.67548019 0.60799677 0.67086725 0.50693598 0.62872104
 0.38061763 0.40490164 0.72058845 0.60005743 0.43837263 0.54549094
 0.36830622 0.61848205 0.63180948 0.54022047 0.25771186 0.32061976
 0.23579531 0.34386843 0.54545187 0.32795826 0.45095317 0.43758646
 0.27411543 0.28478445 0.46676274 0.69540913 0.77768087 0.4598962
 0.25151812 0.        ],[0.22938388 0.56307742 0.72018978 0.71618888 0.61847374 0.54600625
 0.59190009 0.80290539 0.62727332 0.26940074 0.39508703 0.59753238
 0.71335549 0.50701941 0.28807582 0.44998814 0.52148165 0.72146271
 0.56425087 0.73265648 0.59582154 0.29586469 0.45265051 0.66814274
 0.41269051 0.46804413 0.53381032 0.38697322 0.377797   0.63797597
 0.42233364 0.4505417  0.37861786 0.53616435 0.65631777 0.47121981
 0.55214096 0.62399707 0.59818456 0.53055567 0.51536157 0.73457254
 0.68418562 0.70372646 0.58869671 0.54931617 0.6130851  0.44518673
 0.5204162  0.57734191 0.4072762  0.56931239 0.6101897  0.53857094
 0.30575761 0.45326556 0.52340884 0.48139984 0.50955648 0.51043847
 0.3962617  0.6189875  0.65098395 0.54311465 0.3390097  0.31325497
 0.29157991 0.34898956 0.55205497 0.58887809 0.54074956 0.60442535
 0.29606211 0.28949546 0.68721443 0.63303806 0.66994693 0.68429283
 0.27804567 0.        ],[0.48253561 0.38642736 0.32584371 0.30004654 0.36177174 0.51453236
 0.34933005 0.67437342 0.51700953 0.42193747 0.34251574 0.53383571
 0.46595055 0.58590855 0.40240645 0.28735079 0.25939201 0.5483742
 0.74672884 0.70915938 0.66003127 0.26536952 0.44418328 0.77614797
 0.74306816 0.5323383  0.29480359 0.36132304 0.47964388 0.70599831
 0.58645926 0.59760898 0.40343393 0.48768303 0.49531833 0.42679387
 0.59049304 0.64477068 0.42640436 0.47032072 0.43176296 0.72839584
 0.80248129 0.65901449 0.57255865 0.4173617  0.37178961 0.52977817
 0.64663639 0.36966694 0.30487072 0.66388078 0.62160119 0.69072629
 0.40316221 0.64096448 0.6070564  0.39014784 0.25042224 0.34360537
 0.30679383 0.36403573 0.41545805 0.61964957 0.64182679 0.43264458
 0.55869492 0.47801932 0.2462447  0.3367522  0.6095148  0.72464711
 0.43355538 0.44737703 0.80535658 0.75776846 0.50426576 0.65103764
 0.31156365 0.        ],[0.94008386 0.56369991 0.44707437 0.48930853 0.45989306 0.59935178
 0.36550811 0.39481425 0.41260706 0.54940397 0.50035278 0.39522114
 0.51607304 0.77313544 0.76213507 0.64407799 0.317312   0.41944046
 0.66635151 0.55892713 0.60843476 0.2802256  0.30487329 0.57837138
 0.69263993 0.60127166 0.35049208 0.55700635 0.6494876  0.49145694
 0.44735277 0.4184327  0.27382644 0.50957708 0.36736746 0.4845098
 0.58506893 0.68303048 0.64331219 0.49117464 0.55383701 0.46858878
 0.70332062 0.51576461 0.51400561 0.22337738 0.24762296 0.35925631
 0.44873895 0.3910923  0.3302707  0.53408068 0.36140046 0.59589434
 0.57089985 0.56805386 0.36984959 0.49588365 0.39626556 0.35297588
 0.47923229 0.46625391 0.72271167 0.66245404 0.46677465 0.3514876
 0.51483068 0.30813473 0.16799985 0.35503986 0.34000664 0.58150356
 0.67805363 0.49698025 0.63773819 0.64735194 0.33465126 0.58210282
 0.47350866 0.        ],[0.38777171 0.39354995 0.44716659 0.54564221 0.59855085 0.46655403
 0.62590349 0.50831302 0.50117751 0.44697014 0.54947218 0.32252346
 0.54466729 0.66654558 0.60555565 0.6969957  0.63118747 0.50992172
 0.55170046 0.49267828 0.70789727 0.60467638 0.41669885 0.36328413
 0.61026925 0.63615593 0.36532179 0.36813029 0.35168865 0.32105205
 0.58806727 0.57160808 0.20127799 0.24900857 0.30206047 0.40752552
 0.51532099 0.67984426 0.60379695 0.41123444 0.52795813 0.47680668
 0.64180649 0.36533502 0.42846012 0.3088788  0.51728791 0.33855052
 0.25970839 0.42801162 0.34945662 0.2991582  0.41979942 0.50575499
 0.59333494 0.64080512 0.39665839 0.49355775 0.58471523 0.3757054
 0.55042244 0.69962613 0.80707602 0.62044756 0.56404778 0.47459527
 0.52829027 0.43205834 0.26863041 0.53317948 0.41643799 0.53627621
 0.59636078 0.47386213 0.4468814  0.4008396  0.38612596 0.49807391
 0.51215345 0.        ],[0.46474962 0.59462922 0.67628034 0.7219318  0.76924592 0.79278866
 0.71368083 0.56295762 0.63367002 0.48155469 0.44381135 0.29944291
 0.57637454 0.58433656 0.49982818 0.58895946 0.62294592 0.42161368
 0.31985509 0.31156618 0.55911362 0.59250754 0.51827585 0.47994956
 0.45786015 0.51210383 0.32078781 0.26285205 0.46840782 0.44778139
 0.74368205 0.64374394 0.3027257  0.4995871  0.45733207 0.34480307
 0.57546709 0.4236646  0.51763081 0.68491098 0.74509379 0.45922443
 0.61887149 0.47942318 0.54795054 0.50292412 0.71723134 0.4260583
 0.37440891 0.64112597 0.55121044 0.37487583 0.63229958 0.62524799
 0.40778083 0.35843829 0.46555121 0.3625511  0.35331111 0.32136695
 0.55137102 0.53927491 0.53679198 0.4980491  0.61651699 0.41293082
 0.60909421 0.53287442 0.4511712  0.52977205 0.33371133 0.46449212
 0.39429757 0.29283258 0.64207097 0.5778466  0.57864022 0.53062924
 0.55764228 0.        ],[0.24158074 0.48835759 0.54660165 0.46492233 0.49794469 0.78305141
 0.68161381 0.6980225  0.56605551 0.50195436 0.36311808 0.29650673
 0.42058434 0.31250725 0.31458536 0.49410782 0.52187325 0.38875763
 0.45780136 0.50117579 0.60445329 0.60204982 0.34085607 0.5161489
 0.61955666 0.60167449 0.52905554 0.52323358 0.53501207 0.48489511
 0.71199042 0.70197946 0.57951495 0.63352852 0.55872804 0.57184828
 0.51229274 0.56031412 0.59986689 0.57207041 0.76193169 0.70303132
 0.59138716 0.44704319 0.67927724 0.55092465 0.67872436 0.60778869
 0.49643543 0.58694843 0.43258811 0.4982432  0.55480006 0.43808012
 0.59473769 0.44071512 0.47994255 0.33710265 0.3599762  0.26853461
 0.38584922 0.5053145  0.45200212 0.69650895 0.74981124 0.57200359
 0.7026191  0.59556438 0.64120769 0.54519662 0.20327555 0.18295866
 0.23855059 0.35330171 0.73039349 0.63278907 0.75043558 0.63342953
 0.4809784  0.        ],[0.30625426 0.32036149 0.3278373  0.33702571 0.44445771 0.65301274
 0.32840747 0.41249937 0.54797645 0.61540634 0.63080301 0.55033483
 0.40377883 0.40477388 0.27878275 0.2248728  0.39000276 0.42005115
 0.40632407 0.65365214 0.62567068 0.3992241  0.30267044 0.68743047
 0.64226825 0.34868728 0.57648494 0.75605078 0.68599266 0.63580812
 0.73007593 0.42641881 0.44895803 0.42120621 0.49720405 0.532049
 0.62496867 0.46541097 0.39323129 0.68530049 0.58908337 0.5261155
 0.73149835 0.70510989 0.66233896 0.31406198 0.45173786 0.49825494
 0.31483898 0.46560911 0.58518723 0.3673199  0.60545178 0.6336736
 0.73241481 0.63050309 0.60050691 0.66624636 0.58656504 0.26001203
 0.46328796 0.69299347 0.63775425 0.64882139 0.63851695 0.59093147
 0.52656727 0.50710009 0.7150878  0.66298773 0.27472635 0.26896022
 0.57013632 0.76618021 0.81080795 0.59109933 0.60430679 0.56068543
 0.57551352 0.        ],[0.6701984  0.42877398 0.29259214 0.27465863 0.40783687 0.49301655
 0.32085804 0.37250109 0.3378662  0.48613583 0.64520709 0.6105482
 0.6236244  0.62674769 0.53943386 0.3178992  0.5452363  0.49962777
 0.59368426 0.71889854 0.4736589  0.48304688 0.36540885 0.50026782
 0.4391404  0.27003483 0.53240542 0.77900694 0.47792377 0.4074133
 0.54306273 0.50997208 0.59874202 0.58470714 0.48598366 0.26048889
 0.28815873 0.3093654  0.49520032 0.68730148 0.46595587 0.63319845
 0.59422368 0.60987061 0.36703637 0.3497266  0.61101481 0.57583792
 0.41674046 0.50847032 0.59716229 0.36683723 0.56397731 0.43332734
 0.51165954 0.6688518  0.82722552 0.78117506 0.66555565 0.24948532
 0.22660383 0.39867971 0.3746474  0.38609746 0.30198592 0.34416439
 0.45596371 0.24920525 0.32832904 0.45675091 0.4695922  0.46902999
 0.7200088  0.69059772 0.69911179 0.43644145 0.28557113 0.55417424
 0.71452182 0.        ],[0.8025589  0.42354688 0.39000423 0.52030419 0.31769817 0.29196822
 0.37526485 0.533807   0.48226527 0.48065897 0.67670825 0.74815259
 0.72278607 0.49925365 0.31019356 0.49845306 0.38994376 0.2893322
 0.56931812 0.67686521 0.42958454 0.62781053 0.46440051 0.51625045
 0.40586028 0.2829728  0.36284775 0.7406648  0.68899849 0.4795672
 0.38885379 0.47039908 0.5995518  0.35936624 0.35442482 0.22581599
 0.26331281 0.41877584 0.41699451 0.58876661 0.4913826  0.38846528
 0.36685044 0.36047626 0.18333186 0.33551593 0.52548559 0.63161412
 0.59983364 0.33149872 0.25501758 0.36793283 0.30344476 0.3661747
 0.43975681 0.47733763 0.76292565 0.5414363  0.57028676 0.22852499
 0.30322727 0.63088506 0.52230933 0.45685833 0.4473445  0.58357057
 0.47401127 0.24414456 0.49645838 0.26292076 0.23696078 0.45064383
 0.67305082 0.50635591 0.4741961  0.64859857 0.38379129 0.37366687
 0.45013653 0.        ],[0.45072519 0.48097847 0.62845852 0.75509999 0.49441342 0.39753919
 0.54266982 0.52594567 0.35372942 0.57430206 0.6647088  0.74700624
 0.66361922 0.44813008 0.30646392 0.46554758 0.49277171 0.2938699
 0.41411647 0.51548762 0.26527142 0.29170292 0.31008499 0.54626852
 0.57818566 0.45855101 0.33035788 0.43071963 0.43936204 0.5508984
 0.46120428 0.283803   0.50703109 0.46905614 0.56140153 0.50686475
 0.27346655 0.47627348 0.64526968 0.68963061 0.45189984 0.27769278
 0.50208261 0.40612267 0.24731432 0.48400661 0.54102975 0.34154841
 0.35830125 0.28974517 0.17387857 0.23412697 0.33993258 0.23913489
 0.39211514 0.64366645 0.82699843 0.7443408  0.33625252 0.29914003
 0.52155701 0.60718041 0.56024551 0.41251725 0.32240775 0.63256607
 0.3137876  0.19516663 0.36344421 0.37202929 0.36539502 0.67371814
 0.74056267 0.69388785 0.41427576 0.60585836 0.52515193 0.45183831
 0.61423191 0.        ],[0.7109322  0.48763534 0.54409563 0.73006224 0.58973237 0.41552095
 0.30906561 0.320076   0.23214782 0.31936947 0.59440346 0.78444013
 0.50937315 0.48386312 0.47679256 0.46138592 0.51285156 0.45061701
 0.44857875 0.3503604  0.1507819  0.24869651 0.43720981 0.36032852
 0.36810494 0.46880229 0.68171189 0.63314197 0.53406987 0.7270573
 0.54705768 0.29900508 0.38151497 0.39646411 0.46117106 0.54075662
 0.35940371 0.43823854 0.7355031  0.80019788 0.45594209 0.38220715
 0.47260548 0.39466884 0.28710295 0.53111735 0.67173087 0.41171013
 0.68762461 0.58814074 0.2601334  0.25424269 0.5582749  0.29789883
 0.39670782 0.416056   0.70118614 0.79862055 0.45499099 0.38421043
 0.36711191 0.48565112 0.47386702 0.48527237 0.46056026 0.52342897
 0.33860181 0.22611253 0.43139523 0.64355358 0.64002884 0.66746624
 0.78201695 0.61795232 0.27535592 0.3821994  0.52505715 0.7571257
 0.67611274 0.        ],[0.72140669 0.70600026 0.76160801 0.83646914 0.71411968 0.40294664
 0.33372482 0.36083893 0.42800693 0.37668675 0.38208361 0.73320508
 0.52222377 0.68389388 0.55203022 0.27482676 0.32555781 0.5995798
 0.57821505 0.4638753  0.25872939 0.36052512 0.53490448 0.517148
 0.49788863 0.65997314 0.77627552 0.68908739 0.54022159 0.63204855
 0.37884234 0.27098289 0.33548013 0.47651752 0.42838381 0.60327611
 0.52095002 0.45748226 0.46159394 0.72407332 0.69629468 0.63228713
 0.6514291  0.50091367 0.69794112 0.71342986 0.70458517 0.73771242
 0.82205334 0.61076657 0.31244995 0.42594928 0.5767899  0.29638425
 0.27931406 0.56151147 0.69879852 0.61681995 0.55137863 0.6105866
 0.67659844 0.55841786 0.65101962 0.72547449 0.72301872 0.54696702
 0.47849499 0.59515364 0.70986034 0.65426625 0.56993805 0.66767128
 0.71635927 0.57466708 0.36591296 0.60953672 0.62788164 0.68896625
 0.67693047 0.        ],[0.83740902 0.65874683 0.61504048 0.67238143 0.68861853 0.58846192
 0.51289326 0.4278079  0.298508   0.25154362 0.36201477 0.81494342
 0.83923868 0.74493328 0.44820478 0.21261555 0.29396099 0.32888609
 0.52836468 0.63516128 0.50562207 0.29961944 0.46896557 0.48389002
 0.66538398 0.46035797 0.31893773 0.46919799 0.60692995 0.68682599
 0.59100923 0.45829196 0.40291906 0.62963325 0.53435594 0.41138498
 0.51387215 0.34863394 0.6317868  0.60870755 0.44940217 0.73790824
 0.70934087 0.46482309 0.81072128 0.85795195 0.73430523 0.61813862
 0.5213429  0.35483361 0.42193434 0.4821718  0.64770351 0.4634346
 0.27965815 0.58055737 0.58523395 0.41778966 0.38536325 0.43845507
 0.54380708 0.47123207 0.71316497 0.68267299 0.67636089 0.40299824
 0.33717788 0.68858429 0.82952305 0.72497494 0.4335127  0.60667508
 0.45567629 0.40227242 0.47337313 0.66410319 0.53719517 0.46725817
 0.54501881 0.        ],[0.45644452 0.46058597 0.5295682  0.61286938 0.58810422 0.56891854
 0.28849371 0.28738426 0.55859193 0.33539185 0.42483856 0.78272513
 0.75887733 0.57774021 0.33045543 0.13490894 0.16295773 0.22148776
 0.49460739 0.6525418  0.36652156 0.36960162 0.4305416  0.55760864
 0.6520251  0.42728597 0.27962146 0.36216806 0.39764209 0.69290482
 0.71438222 0.6640034  0.6261302  0.64080518 0.29986298 0.40270225
 0.40608025 0.29749785 0.6259063  0.57395352 0.34413913 0.54545337
 0.60656377 0.5026078  0.81115627 0.91220781 0.81521523 0.65021164
 0.29356914 0.18648301 0.30743745 0.25983242 0.31683277 0.61046765
 0.51176639 0.47284242 0.5043997  0.56537126 0.43170533 0.28363693
 0.56188262 0.62091501 0.79690863 0.84788894 0.73669316 0.68446606
 0.61641396 0.55068053 0.56108055 0.55915364 0.37364999 0.48884618
 0.41815625 0.39947569 0.62532257 0.76476292 0.80780812 0.64994673
 0.46302321 0.        ],[0.38477353 0.54199331 0.54171096 0.4052984  0.25435012 0.25436639
 0.24585792 0.41663891 0.60595654 0.36504714 0.30144001 0.49381921
 0.4615839  0.61267259 0.30763203 0.2205492  0.23628684 0.51801402
 0.49787282 0.38372825 0.348871   0.23998403 0.18949392 0.37693008
 0.39921406 0.40644998 0.36098366 0.5067238  0.47726561 0.66848423
 0.64695909 0.70440209 0.46431005 0.42362521 0.28105158 0.49215813
 0.51462469 0.30690082 0.56128393 0.72389238 0.3518346  0.37709161
 0.60622686 0.59898338 0.74029686 0.806384   0.59009871 0.29696952
 0.26460752 0.20512924 0.26944808 0.42545821 0.29378535 0.61573677
 0.67410852 0.30951615 0.31038617 0.57640859 0.51733911 0.27436281
 0.33088018 0.55722291 0.54148042 0.70316598 0.65932043 0.49757958
 0.70204883 0.68931889 0.52458194 0.58579319 0.61404995 0.49857421
 0.65830761 0.67394858 0.45499269 0.38148989 0.67801042 0.61972371
 0.63700986 0.        ],[0.42110605 0.4479748  0.38095525 0.28565572 0.32197429 0.28225943
 0.38195216 0.42097339 0.3087699  0.26417281 0.4414614  0.44852595
 0.40451254 0.61292374 0.45661474 0.60733696 0.47717204 0.61170798
 0.61548716 0.44458023 0.52067094 0.26229639 0.25208867 0.64609967
 0.58727311 0.62072332 0.49962359 0.52378484 0.42014261 0.62393997
 0.53585964 0.68538702 0.69249384 0.63178436 0.59372802 0.55486273
 0.47856534 0.26469066 0.47595835 0.65985164 0.48955282 0.40228939
 0.57403329 0.36844141 0.39885644 0.40872694 0.40428205 0.3064345
 0.43867443 0.40388486 0.24379055 0.27606509 0.40634271 0.60051951
 0.64183598 0.42440779 0.42516153 0.76833059 0.77923524 0.55806175
 0.59711889 0.74003095 0.66193002 0.39077015 0.59693171 0.58598332
 0.76265339 0.83350841 0.69462976 0.55404371 0.50915399 0.35109526
 0.25643462 0.44118803 0.46917781 0.48416197 0.48740807 0.5435909
 0.64555108 0.        ],[1.04512896 0.46159215 0.33594159 0.4791037  0.35100871 0.36758688
 0.45370506 0.50222863 0.47607413 0.30092625 0.33970028 0.45812743
 0.40932299 0.39876349 0.49056107 0.73808545 0.62466203 0.62567642
 0.44617331 0.37990578 0.44264802 0.60716799 0.33905693 0.59534196
 0.45423972 0.42607082 0.40372109 0.47658804 0.30594548 0.46071202
 0.29872086 0.40643057 0.53037572 0.58523794 0.4367086  0.32937465
 0.50166774 0.45404477 0.57686762 0.39348491 0.29203154 0.38443474
 0.52127983 0.39348332 0.24961344 0.37577191 0.58287724 0.39494728
 0.57512331 0.33059733 0.18916344 0.3865962  0.49704598 0.38797206
 0.32900788 0.52017001 0.54081389 0.82760503 0.74537369 0.39385506
 0.61500688 0.74645379 0.6561054  0.49766764 0.69574151 0.63565247
 0.52836968 0.67718909 0.43451383 0.35013808 0.41900001 0.34246614
 0.14003569 0.17602718 0.42403418 0.55034108 0.26958298 0.29799232
 0.51811481 0.        ],[0.90481698 0.70237394 0.49608916 0.3849054  0.57954822 0.53396728
 0.41360518 0.36868163 0.60121453 0.45126547 0.55168538 0.57260571
 0.70682599 0.51358671 0.61855725 0.55542171 0.42917446 0.71905768
 0.54634081 0.27011122 0.60159515 0.74058606 0.2644636  0.29410323
 0.6097511  0.54649994 0.32533089 0.58082087 0.504003   0.54644631
 0.37073019 0.26792905 0.23984423 0.42348661 0.43207686 0.31716819
 0.38244247 0.61408948 0.72808536 0.32824423 0.18816602 0.29325418
 0.6041503  0.54859744 0.53637511 0.64633333 0.43775264 0.41164966
 0.43794703 0.39255067 0.37578622 0.66615964 0.73593689 0.47766396
 0.30128562 0.54787767 0.59773667 0.66025428 0.55268641 0.25292584
 0.51322808 0.58716574 0.69469772 0.75455254 0.60672084 0.41788954
 0.65560294 0.71306623 0.61459636 0.44085378 0.62188511 0.34825184
 0.28596696 0.24187718 0.38197998 0.34620936 0.35638517 0.30374119
 0.41555678 0.        ],[0.5689297  0.62004456 0.52792271 0.3853762  0.49570802 0.62368078
 0.42692599 0.52498633 0.74563616 0.45571963 0.39522429 0.37915903
 0.62419656 0.52784337 0.4830172  0.38378169 0.51974063 0.71099806
 0.49651906 0.22246209 0.54813941 0.71931838 0.30818872 0.25318854
 0.66308739 0.4155193  0.34690375 0.57649241 0.69087514 0.55598267
 0.53926382 0.48573045 0.2873327  0.36840913 0.48975912 0.56638571
 0.53749016 0.65091397 0.72114056 0.5467058  0.28800734 0.22960666
 0.57050376 0.77837807 0.81581627 0.62125022 0.44342295 0.34476569
 0.62717977 0.6574378  0.52247962 0.48623402 0.52105247 0.47279087
 0.34716658 0.64926375 0.52214389 0.29353753 0.24186116 0.25063941
 0.58156773 0.48302242 0.50277583 0.68895813 0.41635431 0.47091605
 0.52198284 0.33000469 0.21382574 0.30385908 0.61716775 0.3882458
 0.31603245 0.36684693 0.46500884 0.38226495 0.63280164 0.44897237
 0.45277226 0.        ],[1.05396043 0.62679029 0.57851864 0.77759228 0.75281386 0.49888992
 0.3672808  0.5219838  0.65852912 0.49207726 0.43347388 0.44140956
 0.31252664 0.47025727 0.48520157 0.31783587 0.64703852 0.62842643
 0.39325775 0.32048074 0.6685426  0.68303016 0.33002581 0.36393369
 0.59286922 0.47077691 0.29262263 0.42885934 0.59015877 0.42363006
 0.39205507 0.29512349 0.39212533 0.56230039 0.31825253 0.27730292
 0.28930851 0.28839033 0.38113022 0.56004967 0.36788741 0.34492808
 0.45903991 0.67879767 0.70384865 0.38902586 0.40095759 0.53924716
 0.58257008 0.67226764 0.68929108 0.56403764 0.43480762 0.3859553
 0.52752298 0.76421426 0.66588327 0.43554844 0.26847491 0.43312928
 0.54153664 0.40192954 0.62938928 0.75187853 0.34151957 0.31385166
 0.43729272 0.43554034 0.25656119 0.49865109 0.59622718 0.39192528
 0.50056464 0.46294215 0.48008444 0.43374268 0.65000993 0.56953394
 0.46915539 0.        ],[1.11112203 0.73788345 0.67625142 0.82720527 0.86421594 0.79041878
 0.54695232 0.36027487 0.4251335  0.54827738 0.34543134 0.26083388
 0.20325964 0.38389827 0.30305366 0.36061744 0.70224    0.6202387
 0.49360869 0.59730674 0.42430906 0.24620739 0.29708003 0.55163172
 0.52274102 0.38536899 0.43330119 0.65741098 0.35090593 0.27519941
 0.5444155  0.49926073 0.29763578 0.44869789 0.38113436 0.44730789
 0.48356534 0.34921877 0.60132845 0.64265056 0.59700325 0.50179225
 0.48721914 0.40958453 0.48731269 0.31678846 0.45552176 0.52545552
 0.4570572  0.44654465 0.46239401 0.65564604 0.58463094 0.5037641
 0.35143429 0.40562199 0.42831717 0.41093068 0.33640228 0.54284
 0.47141703 0.41394032 0.4189231  0.5815667  0.37088268 0.62642073
 0.64451273 0.53896676 0.23990606 0.29758898 0.62070135 0.39916136
 0.32853506 0.47240822 0.310424   0.38118389 0.67379118 0.66084571
 0.50275909 0.        ],[0.66306396 0.55256561 0.55076261 0.60329626 0.59717774 0.73164911
 0.72477376 0.73579087 0.61840518 0.53202614 0.43530221 0.5165413
 0.33162204 0.36531374 0.54130019 0.75861073 0.83166047 0.74821428
 0.58656269 0.45116781 0.44385765 0.3354136  0.42938433 0.35588591
 0.38277739 0.64182706 0.52131689 0.68233264 0.31281551 0.28197235
 0.70226654 0.64296548 0.32507032 0.21747469 0.33488855 0.63533188
 0.74471444 0.62554335 0.49244633 0.60908796 0.54819216 0.54423482
 0.38140958 0.37615453 0.39329376 0.29797338 0.50007733 0.38146089
 0.31775697 0.40834508 0.28943991 0.34970847 0.60331611 0.4845488
 0.51846022 0.32387653 0.57719324 0.50339149 0.30585246 0.63691291
 0.60172725 0.47060574 0.28702412 0.393149   0.50277487 0.66196682
 0.52226801 0.31169338 0.32459983 0.3411093  0.45157185 0.54892414
 0.50748121 0.72385312 0.6319379  0.62833859 0.60733573 0.65136518
 0.54648672 0.        ],[0.31171527 0.56954555 0.6961543  0.67350803 0.51021644 0.55472511
 0.75333759 0.68279098 0.32686865 0.31657929 0.28005608 0.42170169
 0.60118343 0.39116595 0.62071118 0.68378146 0.70698159 0.47120218
 0.39654649 0.29970865 0.43672583 0.70641386 0.66579711 0.62910983
 0.45443508 0.76542214 0.67851073 0.55898673 0.46313871 0.4647544
 0.57433792 0.32133647 0.26250663 0.3964041  0.55736181 0.51426906
 0.62451881 0.77633505 0.65246932 0.52743893 0.58318712 0.55980408
 0.4166653  0.32238214 0.42159851 0.64408206 0.71046508 0.54782504
 0.61984255 0.69733175 0.69700589 0.39023128 0.48402582 0.68384509
 0.589223   0.35701645 0.60407488 0.63066022 0.37903177 0.33846691
 0.38955311 0.45729691 0.36843812 0.37093654 0.36499574 0.44051899
 0.60156084 0.22996826 0.26154179 0.56898854 0.36196444 0.37641564
 0.57906848 0.62615618 0.81007205 0.71714417 0.66077029 0.46190489
 0.64814111 0.        ],[0.61146683 0.6588776  0.58225679 0.46574798 0.54774259 0.59362723
 0.57730263 0.46758449 0.33490048 0.38148176 0.41357339 0.59619612
 0.58544481 0.60522263 0.53369283 0.44166272 0.49065491 0.31237861
 0.39805034 0.4055536  0.34577058 0.68919242 0.74496594 0.76657991
 0.53175884 0.6287801  0.58256243 0.46118338 0.35231444 0.43689234
 0.62174504 0.43316701 0.51523177 0.44051041 0.4590463  0.54275089
 0.74946087 0.72385766 0.51929916 0.42551927 0.55134968 0.55189864
 0.40765421 0.49903445 0.47711907 0.66521888 0.54050023 0.47987064
 0.51155277 0.43118247 0.62121139 0.49264769 0.48374976 0.61965265
 0.67565841 0.53765747 0.4552639  0.58371538 0.52557928 0.34223796
 0.54484089 0.68078033 0.42215984 0.40647179 0.49312729 0.57905764
 0.53317363 0.31292534 0.24362354 0.60170539 0.63048903 0.70794549
 0.60143429 0.43499044 0.74685471 0.49424839 0.59490607 0.39577047
 0.54375135 0.        ],[0. 0. 0. 0. 0. 0. 0. 0. 0. 0. 0. 0. 0. 0. 0. 0. 0. 0. 0. 0. 0. 0. 0. 0.
 0. 0. 0. 0. 0. 0. 0. 0. 0. 0. 0. 0. 0. 0. 0. 0. 0. 0. 0. 0. 0. 0. 0. 0.
 0. 0. 0. 0. 0. 0. 0. 0. 0. 0. 0. 0. 0. 0. 0. 0. 0. 0. 0. 0. 0. 0. 0. 0.
 0. 0. 0. 0. 0. 0. 0. 0.],