[ 0.26184602  1.09370674  0.88577021  0.20267339  0.42883843  0.51403721
  0.15168444  0.29867523  0.41198242  0.44945584  0.40767713  0.31937931
 -0.03394242  0.24112444  0.6522569   0.72397734  1.15082869  0.83129221
  0.37963679  0.        ],[0.36225979 0.77781417 0.74838984 0.48807532 0.3760596  0.55111786
 0.4095361  0.53720483 0.52752623 0.58326839 0.52788216 0.44020434
 0.61081138 0.57101309 0.49501637 0.47696117 0.60783949 0.47725984
 0.34881967 0.        ],[0.61367861 0.85776856 0.77472928 0.37552257 0.4858742  0.41757858
 0.46290827 0.67186787 0.49874828 0.50014815 0.64384435 0.70036943
 0.64476684 0.6785864  0.56432473 0.57065443 0.4546523  0.41902733
 0.41157128 0.        ],[0.85576021 0.59942547 0.651267   0.23254799 0.20501034 0.26524639
 0.29115839 0.72112073 0.71753778 0.42159683 0.58728611 0.80376711
 0.77832026 0.80271349 0.80022297 0.67788305 0.47957618 0.5018002
 0.48685483 0.        ],[0.51320124 0.60334576 0.42804507 0.36399761 0.37962458 0.5567606
 0.39851307 0.65530846 0.48150845 0.24501873 0.51699985 0.60037449
 0.39201041 0.69994616 0.78148205 0.5347846  0.35511839 0.42498026
 0.39148434 0.        ],[-0.32980076  0.66449248  0.62070351  0.64851686  0.63177014  0.51527899
  0.54882244  0.52815352  0.41398035  0.30945471  0.47022303  0.62598531
  0.36361436  0.4662308   0.44079356  0.41699047  0.39482716  0.55969983
  0.40630364  0.        ],[-0.27374374  0.53489138  0.44394717  0.6570742   0.65044909  0.4596885
  0.47272844  0.30848779  0.40863745  0.59903259  0.34504119  0.3601678
  0.60483395  0.56082454  0.39957578  0.63689446  0.4631532   0.44023406
  0.53932161  0.        ],[0.50328097 0.41116193 0.56282187 0.509004   0.71835622 0.70400882
 0.43724458 0.3964988  0.35546704 0.54779382 0.44897493 0.24893692
 0.45093361 0.33339661 0.27103361 0.44840955 0.40194753 0.61647352
 0.52698696 0.        ],[-0.01572954  0.63363428  0.65472546  0.57754673  0.59934934  0.52559795
  0.42611422  0.52560787  0.6543869   0.63318715  0.42140094  0.36793689
  0.38823463  0.39190356  0.39120815  0.38197307  0.32243881  0.29123676
  0.00225207  0.        ],[ 0.0516694   0.57238555  0.73338728  0.8935515   0.6921069   0.5076848
  0.48991561  0.54006686  0.6607419   0.61960484  0.45577575  0.61600039
  0.36842574  0.26446075  0.30397331  0.30171504  0.08784105 -0.07236851
 -0.03200998  0.        ],[ 1.03752827e+00  4.69454140e-01  6.50586320e-01  1.00641549e+00
  8.30399677e-01  4.61250974e-01  4.46570036e-01  6.45357452e-01
  7.43901310e-01  7.75750069e-01  8.12640387e-01  8.24281284e-01
  4.94848888e-01  3.66249919e-01  4.13267947e-01  1.72640689e-01
 -1.23496808e-02  7.80120631e-02  6.55826787e-04  0.00000000e+00],[ 1.4933838   0.35151779  0.3335728   0.87298421  0.7781292   0.53474157
  0.68485644  0.63321905  0.63249832  0.71209486  0.76937945  0.55494772
  0.48477055  0.27356404  0.46159944  0.1707172  -0.04532132  0.04596746
  0.00489949  0.        ],[1.08136581 0.38724015 0.44772019 0.50927956 0.51709737 0.55060962
 0.72659082 0.55295458 0.58974319 0.4359467  0.56027766 0.40188738
 0.57099091 0.41714675 0.49168973 0.38893167 0.3327387  0.37067359
 0.34487045 0.        ],[ 0.1613618   0.58064776  0.32546825  0.42181834  0.54737498  0.62211057
  0.7639134   0.69050046  0.56476953  0.47722533  0.37874704  0.20227639
  0.41395698  0.59714749  0.48967452  0.36831833 -0.02330529  0.13630923
  0.17453706  0.        ],[ 0.51201533  0.75953164  0.68472559  0.62570272  0.64089198  0.57030485
  0.72630897  0.84623694  0.62851901  0.45977755  0.38460092  0.42022338
  0.54652164  0.5236962   0.47969177  0.34092501 -0.00474839 -0.01814819
 -0.00086181  0.        ],[0.40935284 0.37508933 0.63609333 0.79621841 0.82378453 0.7140864
 0.39192894 0.79892576 0.87730192 0.54241583 0.33128102 0.26751961
 0.5660053  0.54138486 0.3962097  0.32643519 0.1557485  0.04360868
 0.06454006 0.        ],[0.36882153 0.32889321 0.41228923 0.53041399 0.69847163 0.6988625
 0.27629355 0.60212879 0.94989411 0.76642472 0.52726714 0.27149082
 0.22035841 0.33120872 0.48902666 0.30949156 0.10649848 0.04325928
 0.00215972 0.        ],[ 0.67876852  0.48111901  0.40004553  0.4272651   0.53890792  0.54189573
  0.3465799   0.41442439  0.67831285  0.50607214  0.2014158   0.22556125
  0.2891504   0.3501017   0.53089771  0.35031654  0.01191355 -0.04596311
  0.00295654  0.        ],[ 0.35544721  0.30066184  0.38416784  0.52529831  0.49823123  0.42119045
  0.54152787  0.48789097  0.45013995  0.26745459  0.21860396  0.47673037
  0.70064012  0.51886983  0.37082058  0.30131628  0.03731841 -0.00460614
 -0.00130838  0.        ],[0. 0. 0. 0. 0. 0. 0. 0. 0. 0. 0. 0. 0. 0. 0. 0. 0. 0. 0. 0.],