[ 0.00823102  0.06915008  0.04206795  0.07454448  0.44389284  0.221597
 -0.22189603  0.48960671  0.51110633  0.36844692  0.3871594   0.22162088
  0.4973439   0.70277356  0.83573378  0.8217082   0.39571952  0.41427377
  0.83307119  0.        ],[0.64631052 0.49235001 0.42490172 0.42429197 0.48178854 0.57763372
 0.38605333 0.38652855 0.53362501 0.55054914 0.79687985 0.69751973
 0.39564592 0.51266062 0.68881975 0.56525373 0.50934183 0.43275474
 0.37813787 0.        ],[0.35787122 0.48278288 0.48823817 0.41479231 0.41863827 0.60403872
 0.57819833 0.49743409 0.52477791 0.52714943 0.74823236 0.80394201
 0.56380372 0.51621768 0.5265559  0.53870225 0.59951742 0.56545774
 0.36422298 0.        ],[-0.20891623  0.25564541  0.37736005  0.30300559  0.395978    0.49815286
  0.54071751  0.69804703  0.5412561   0.46876141  0.52973846  0.69083442
  0.78377767  0.62873178  0.46454667  0.64547598  0.62312387  0.64499485
  0.47131462  0.        ],[0.42154028 0.33005103 0.43421824 0.62990907 0.66142255 0.66048893
 0.63456933 0.66380013 0.64402198 0.67911839 0.71404369 0.66774633
 0.5444471  0.61474706 0.66850666 0.61938249 0.48059413 0.32976309
 0.00620661 0.        ],[ 0.53861273  0.46217744  0.49261925  0.56609057  0.53446819  0.51306417
  0.45768289  0.53869166  0.48012923  0.47255372  0.46751406  0.50515424
  0.48441448  0.50494883  0.44015195  0.4757218   0.42114772  0.30858824
 -0.05893748  0.        ],[ 0.73135309  0.65645286  0.58503848  0.54711787  0.57892501  0.48394597
  0.49714968  0.45334566  0.51827018  0.50042378  0.53775213  0.49074954
  0.53736348  0.50945435  0.50801827  0.41620786  0.39183633  0.14556231
 -0.19082497  0.        ],[ 0.71698282  0.26153343  0.30591145  0.57468302  0.46511488  0.53345767
  0.38510156  0.5389857   0.40787676  0.45872343  0.37731138  0.46610788
  0.37132417  0.46110123  0.35635364  0.37545381  0.25186243  0.14489851
 -0.24295024  0.        ],[ 0.62976301  0.25155888  0.18465403  0.3209391   0.39673817  0.39859186
  0.36074662  0.4594029   0.37279515  0.41142902  0.42412146  0.4939784
  0.39255061  0.4724939   0.40307835  0.50828944  0.36165063  0.29208248
 -0.07205613  0.        ],[ 0.58891262  0.35248908  0.36438128  0.5049983   0.48619707  0.4706172
  0.47918292  0.50769491  0.47959608  0.48917199  0.52786918  0.54583229
  0.51026405  0.51487562  0.50444313  0.52722142  0.41772925  0.22004295
 -0.09937783  0.        ],[ 0.72043376  0.46632579  0.51336468  0.66869023  0.51102495  0.52487333
  0.44155421  0.51742206  0.44504676  0.45236845  0.38987067  0.47234058
  0.38855226  0.45405566  0.41588344  0.44659585  0.29348128  0.1582901
 -0.19594754  0.        ],[ 1.0057462   0.44813284  0.37554702  0.55363825  0.47862594  0.56052138
  0.41458647  0.51440854  0.40643724  0.44994395  0.38547204  0.50096176
  0.3235382   0.42954041  0.36259071  0.46167764  0.28143684  0.18877087
 -0.2147879   0.        ],[ 0.74377976  0.36331369  0.34980355  0.52248529  0.48940654  0.55280507
  0.41198718  0.4897588   0.39187205  0.46864004  0.4024628   0.46793852
  0.30645816  0.40355338  0.31787526  0.40751313  0.23357168  0.13559974
 -0.298728    0.        ],[ 0.65915385  0.28821145  0.24308115  0.3619344   0.29585583  0.35282256
  0.28477573  0.33858962  0.27186165  0.37710689  0.29288867  0.31908195
  0.2773915   0.37421623  0.31045974  0.41060742  0.2616231   0.13671625
 -0.25521975  0.        ],[ 0.72217155  0.26205511  0.20079525  0.33414591  0.23770077  0.37080514
  0.35927949  0.44559938  0.35116591  0.46644969  0.3728316   0.44199798
  0.4100225   0.52416033  0.42534728  0.52424045  0.37378787  0.2540365
 -0.11853494  0.        ],[ 0.9783865   0.41730507  0.33485287  0.48969204  0.37972507  0.51416492
  0.42724226  0.54319021  0.43232929  0.5665249   0.42958746  0.55539047
  0.50685984  0.61731797  0.41314205  0.52269304  0.33577768  0.26483107
 -0.11865061  0.        ],[ 0.17571658  0.30238606  0.41712037  0.5014169   0.51243643  0.52853668
  0.50696023  0.5243949   0.49143162  0.57867448  0.54684652  0.60479917
  0.62879731  0.64667004  0.50193049  0.58204877  0.43351498  0.30397542
 -0.0214874   0.        ],[0.09322142 0.4520388  0.63296387 0.68392144 0.6924707  0.64921013
 0.70580605 0.65557232 0.63380497 0.6470943  0.68552162 0.64699087
 0.67248424 0.60578094 0.56781423 0.56352115 0.46864127 0.32884903
 0.06018952 0.        ],[0.24972596 0.43350433 0.54739655 0.5929989  0.56491259 0.54098043
 0.58004955 0.59661558 0.55919473 0.59330331 0.56242604 0.55260318
 0.56512464 0.56411471 0.6071449  0.60433909 0.48028137 0.29750786
 0.01108032 0.        ],[0. 0. 0. 0. 0. 0. 0. 0. 0. 0. 0. 0. 0. 0. 0. 0. 0. 0. 0. 0.],