[-0.64321884  1.10317601  1.14923459  0.48958174  1.07309497  0.47480284
 -0.0742793   0.50737669  0.15577182  0.13097713 -0.16846734  0.89056204
  0.7340843   0.74169326  0.        ],[-0.18263114  0.60568303  0.52290368  0.44281819  0.35193492  0.59982659
  0.67075338  0.57131481  0.6604183   0.60561571  0.52826018  0.38415563
  0.59705987  0.60991385  0.        ],[0.15035291 0.5923652  0.66454423 0.60763575 0.4760372  0.5508891
 0.65275487 0.43758636 0.56239249 0.77525727 0.5757062  0.38184772
 0.42260053 0.43927724 0.        ],[0.30243355 0.62582756 0.61996345 0.63775306 0.5936835  0.66572474
 0.56002515 0.23977008 0.31356503 0.42064118 0.50867211 0.28583738
 0.29125001 0.31204255 0.        ],[0.07852882 0.55746419 0.61999047 0.57922036 0.71271012 0.53612219
 0.38888695 0.30063115 0.4898051  0.49774663 0.31612776 0.38339838
 0.64842268 0.42384041 0.        ],[-0.06274572  0.60030624  0.61991682  0.5828701   0.72933562  0.45025264
  0.63963596  0.42961936  0.54759723  0.52581773  0.31941801  0.3997143
  0.6724582   0.56712373  0.        ],[0.55865943 0.37527161 0.64071233 0.50326368 0.59349087 0.55132137
 0.76912274 0.52537659 0.48471486 0.63787828 0.44417588 0.40057027
 0.50553139 0.58591834 0.        ],[0.80411789 0.36127051 0.37176412 0.55232353 0.36257698 0.54794897
 0.67751401 0.57066933 0.4233901  0.5795447  0.61099769 0.5679139
 0.41799596 0.50443184 0.        ],[0.8678868  0.45768189 0.35198805 0.49069869 0.30298602 0.63246964
 0.64596749 0.32446841 0.2769389  0.48776531 0.45550149 0.53244555
 0.61327795 0.67320512 0.        ],[0.58254649 0.42211904 0.54785751 0.64444001 0.34895494 0.60404559
 0.78655236 0.51874049 0.62310322 0.61726438 0.62164848 0.48191006
 0.52529762 0.59924056 0.        ],[0.51728392 0.38898191 0.45127529 0.71740179 0.4034558  0.42820565
 0.65924733 0.60413677 0.72214556 0.70419076 0.3894586  0.4438415
 0.49249216 0.31347197 0.        ],[0.58300306 0.38512084 0.64214357 0.83659046 0.77949766 0.67989922
 0.53261447 0.65279725 0.54997991 0.67708645 0.39098745 0.56125707
 0.72604183 0.31761155 0.        ],[0.56308871 0.71047954 0.83159453 0.8622845  0.81885982 0.68208606
 0.4112511  0.52236465 0.50752316 0.57390964 0.3532772  0.36117675
 0.63441549 0.53269775 0.        ],[0.5119757  0.55872226 0.63971004 0.68082886 0.5208882  0.52477061
 0.65267967 0.67214262 0.56361335 0.71659308 0.41959673 0.34623555
 0.4589773  0.7026745  0.        ],[0. 0. 0. 0. 0. 0. 0. 0. 0. 0. 0. 0. 0. 0. 0.],