[ 3.02819980e-04  1.80982748e-01  4.39821475e-01  5.39710387e-01
  6.19472320e-02  2.04914985e-02 -2.17295271e-02  5.87549915e-02
 -1.35399886e-01  0.00000000e+00],[0.1723601  0.3643765  0.32936226 0.62647835 0.60797778 0.52989015
 0.41512031 0.48104804 0.46758355 0.        ],[-0.02533596  0.44581967  0.39408282  0.6490717   0.63148185  0.63850794
  0.53537213  0.45378219  0.56950154  0.        ],[0.10846032 0.60142819 0.31956623 0.52442187 0.35656184 0.4825011
 0.42921564 0.18606374 0.35378131 0.        ],[1.46753821 0.54781095 0.56519869 0.67193011 0.36150078 0.06861457
 0.18918703 0.06234675 0.0977095  0.        ],[ 3.14957924e-01  6.65028390e-01  6.30198900e-01  7.63023930e-01
  2.45797136e-01 -1.62657360e-04  2.24726315e-01  1.47072264e-01
 -5.96924143e-02  0.00000000e+00],[ 0.58150521  0.59569012  0.54964937  0.56445745  0.29661922  0.28731202
  0.29758944  0.14358516 -0.10571405  0.        ],[0.66388026 0.43754033 0.41550561 0.45873507 0.35156748 0.30149933
 0.02810427 0.01408005 0.03804679 0.        ],[0.33936638 0.41095446 0.33869557 0.28583024 0.56589027 0.56788424
 0.25362282 0.18509764 0.09758532 0.        ],[0. 0. 0. 0. 0. 0. 0. 0. 0. 0.],