[-1.41988738e-04  2.46136249e-01  5.99056669e-01  6.99476246e-01
 -2.23932569e-02  9.15302969e-02 -2.09471810e-01  6.78602929e-02
 -2.32820719e-02  0.00000000e+00],[0.72354346 0.36153688 0.28705915 0.50903074 0.63079339 0.72837016
 0.59308981 0.70157232 0.47691258 0.        ],[1.04568319 0.20589831 0.24203991 0.53156366 0.57286094 0.69522181
 0.77696024 0.58108422 0.60360001 0.        ],[1.06357281 0.27062701 0.47730131 0.5453294  0.24405067 0.34599131
 0.58777824 0.10001214 0.4480093  0.        ],[0.96448306 0.32853225 0.23583297 0.50669394 0.4797638  0.41813825
 0.51451051 0.01529292 0.12971363 0.        ],[ 1.05557811  0.46352629  0.40732274  0.42217816  0.48144149  0.63508991
  0.63990495  0.30705885 -0.06840691  0.        ],[ 0.98099355  0.3249196   0.27015575  0.4122694   0.3482832   0.45326111
  0.38283167  0.39930032 -0.18273063  0.        ],[0.61532289 0.5482052  0.48173889 0.4388829  0.47232957 0.45611242
 0.40585258 0.42272123 0.30886889 0.        ],[0.34270819 0.48511364 0.52296888 0.49381644 0.46715167 0.4522086
 0.4357159  0.42860418 0.38071115 0.        ],[0. 0. 0. 0. 0. 0. 0. 0. 0. 0.],