[-0.00690254  0.87119823  0.83477827  0.40181684  0.60093336  0.37332404
  0.30303739  0.21678192  0.3466353   0.25477048  0.6454845   0.40319398
  0.51849928  0.48665925  0.        ],[0.32532593 0.660642   0.61806912 0.42858383 0.53829716 0.36955727
 0.26847481 0.3547521  0.6056281  0.37614169 0.40764239 0.41442451
 0.46738015 0.46225652 0.        ],[0.73767181 0.53114358 0.49182712 0.52464738 0.42717467 0.37195073
 0.37835921 0.52132559 0.60353425 0.39642054 0.3692164  0.37601104
 0.4349789  0.37240786 0.        ],[0.99990644 0.49322856 0.48279221 0.65963923 0.40545087 0.46244832
 0.56243881 0.65955178 0.50662417 0.43840705 0.47477438 0.37055739
 0.42521652 0.25883852 0.        ],[0.66689217 0.56403263 0.62896951 0.75201025 0.71770949 0.74676295
 0.65168899 0.63359895 0.64494661 0.68831017 0.56597447 0.49166452
 0.41729703 0.15751199 0.        ],[ 0.83202369  0.49133182  0.53224455  0.72087531  0.58203394  0.60655836
  0.58374654  0.5977808   0.55599332  0.51880179  0.40550269  0.24675595
  0.25115544 -0.07669328  0.        ],[ 1.0547952   0.36255072  0.35182515  0.61641715  0.38516979  0.56020558
  0.38735727  0.54755952  0.39678463  0.48215993  0.23323412  0.23330345
  0.06530615 -0.08463939  0.        ],[ 0.99666967  0.52973085  0.45442476  0.5571472   0.42883185  0.50632761
  0.45368685  0.4475727   0.43006003  0.40343583  0.28260672  0.16097764
  0.13029785 -0.1588066   0.        ],[0.89851013 0.49940836 0.55799918 0.78469688 0.60923636 0.70023197
 0.65682548 0.6388598  0.5609747  0.5764776  0.4236045  0.30779807
 0.28596825 0.02013258 0.        ],[ 0.94779787  0.22222863  0.24446661  0.57395865  0.34472118  0.48900281
  0.41004482  0.47670613  0.31169591  0.38942811  0.16332522  0.11433398
  0.04006114 -0.16017087  0.        ],[ 0.7274488   0.44765432  0.41863289  0.510525    0.44740887  0.43916154
  0.49938175  0.41360904  0.36069743  0.31745257  0.25022654  0.05697872
  0.06964375 -0.26077054  0.        ],[ 0.6441585   0.31261569  0.35198217  0.53745585  0.42996252  0.52163303
  0.48158416  0.45119015  0.31257207  0.35537614  0.24507732  0.13541746
  0.03369007 -0.22584992  0.        ],[ 0.4011145   0.24731393  0.31097439  0.44348497  0.36973727  0.47540611
  0.40620527  0.37578528  0.27392038  0.29925959  0.18233773  0.10601557
 -0.00582779 -0.29553823  0.        ],[ 0.24791934  0.24750475  0.29885501  0.34765592  0.3152416   0.41319238
  0.3337293   0.31609719  0.25664786  0.27350933  0.17442325  0.11472382
 -0.03559425 -0.37998322  0.        ],[0. 0. 0. 0. 0. 0. 0. 0. 0. 0. 0. 0. 0. 0. 0.],