[-0.17057453  0.42624189  0.90730047  1.03397785  0.31072007  0.20943296
  0.37392135  0.42792993  0.17319121  0.07739957  0.50713868  0.30731605
  0.56391617  0.48964891  0.        ],[0.16457656 0.5251248  0.56457079 0.37426941 0.20290051 0.34565711
 0.4756073  0.50728493 0.36741602 0.43484952 0.58112792 0.47532408
 0.49781941 0.40994993 0.        ],[0.37639895 0.48738297 0.42903744 0.29255252 0.31033496 0.45192188
 0.57628345 0.6356175  0.6387392  0.64009606 0.58146232 0.54506998
 0.51256149 0.47149195 0.        ],[0.55523602 0.37876366 0.42841735 0.56428234 0.50518308 0.56487855
 0.65671954 0.76209257 0.82629033 0.7271659  0.56537069 0.57150071
 0.53693858 0.51855614 0.        ],[0.83400318 0.38752503 0.45587809 0.71099391 0.53389531 0.72646687
 0.66877983 0.7725009  0.63447313 0.76146905 0.64587198 0.64758724
 0.43506677 0.24184124 0.        ],[0.83175241 0.47736511 0.53907961 0.75309699 0.60477151 0.69369669
 0.6357478  0.767193   0.73388379 0.75432752 0.59588494 0.57959516
 0.39985553 0.18173262 0.        ],[1.03283602 0.22756865 0.32042244 0.76839891 0.52846764 0.7727543
 0.54932177 0.7649282  0.59304672 0.67874614 0.44702272 0.53247158
 0.2062176  0.03300879 0.        ],[0.92770499 0.19707252 0.29328773 0.72862114 0.55500351 0.74903178
 0.53325548 0.73020074 0.53573423 0.65685871 0.41365909 0.52534848
 0.1321378  0.02442839 0.        ],[ 1.00929362  0.58008061  0.48828638  0.58956949  0.57700504  0.54439822
  0.50289372  0.45591755  0.48411804  0.45977521  0.45582413  0.31260559
  0.15472135 -0.11175278  0.        ],[ 0.85115355  0.41172706  0.49757091  0.763046    0.52423801  0.59587318
  0.4842295   0.53047589  0.45224291  0.51519642  0.43688373  0.33265905
  0.14029931 -0.1352808   0.        ],[ 0.80699853  0.13991341  0.11327332  0.37322699  0.22997903  0.35027076
  0.22931523  0.36733473  0.20416097  0.31245007  0.17616119  0.15020459
 -0.1151724  -0.29215101  0.        ],[ 0.624594    0.05095574 -0.01807041  0.20612946  0.29718322  0.37452107
  0.2990734   0.40898591  0.33600036  0.43155149  0.36164007  0.30300534
  0.07972368 -0.03337288  0.        ],[ 0.39410358  0.24058597  0.35814287  0.56576013  0.49749333  0.53395682
  0.44070656  0.44953715  0.4216004   0.46699198  0.41062605  0.3537753
  0.16130289 -0.0418042   0.        ],[ 0.24125222  0.33731076  0.46310774  0.54854967  0.46103048  0.49411143
  0.46002322  0.44644717  0.41086345  0.41416761  0.3945418   0.3517763
  0.1972919  -0.12014426  0.        ],[0. 0. 0. 0. 0. 0. 0. 0. 0. 0. 0. 0. 0. 0. 0.],