[ 3.57481217e-01  1.56802788e-01  5.02200482e-01  1.12257226e+00
  1.33857754e+00  1.15585794e+00  2.29791671e-01 -2.39421146e-01
 -2.81737777e-04  6.41703001e-01  3.46460283e-01 -4.43319258e-01
  1.87445193e-03  7.89394559e-01  8.27486080e-01  1.12075992e+00
  7.56797270e-01  7.61424596e-01  4.08155236e-01  0.00000000e+00],[-0.30195124  0.57758059  0.52199085  0.33622398  0.35016707  0.54576934
  0.32383172  0.29485496  0.54776213  0.44646631  0.3968501   0.32353202
  0.30952351  0.34783896  0.62267418  0.56245159  0.51366755  0.49999663
  0.67270338  0.        ],[0.10784078 0.6468388  0.50846185 0.5023857  0.52760816 0.53965023
 0.52125025 0.33360391 0.38380437 0.53664981 0.4903309  0.31357905
 0.40172833 0.40648061 0.51040422 0.48511773 0.38195553 0.41256268
 0.55966319 0.        ],[0.8423939  0.69958371 0.74544565 0.51883292 0.3166072  0.49887176
 0.67554874 0.59044678 0.60345521 0.71672978 0.71452701 0.58496702
 0.61443599 0.48099697 0.55529546 0.25558071 0.22630881 0.39571593
 0.29372032 0.        ],[0.44671275 0.41997987 0.54674915 0.56340913 0.41675323 0.57857869
 0.60402485 0.45711664 0.59763661 0.34253504 0.43581964 0.51134887
 0.45244937 0.43000886 0.47787525 0.41440603 0.3586819  0.28411646
 0.37181737 0.        ],[1.41817404 0.33195814 0.33131554 0.53298136 0.66202303 0.47185873
 0.47193128 0.44662646 0.35325017 0.33579019 0.4438484  0.30661142
 0.44208332 0.60709316 0.48176581 0.4499161  0.63201652 0.48544857
 0.29370272 0.        ],[1.69936621 0.3333124  0.3251271  0.44054143 0.57551901 0.6816352
 0.65460043 0.45259305 0.31017887 0.60120302 0.44276368 0.19051282
 0.1800269  0.35193394 0.6659376  0.57096747 0.55023969 0.39791675
 0.3722237  0.        ],[0.93667795 0.42277936 0.70088639 0.60040748 0.4436838  0.71818969
 0.61311    0.67327091 0.56729534 0.60119677 0.49474406 0.43436841
 0.34416283 0.51609667 0.67301633 0.44754776 0.517434   0.35045968
 0.29031346 0.        ],[1.48362171 0.36640412 0.57849719 0.46754983 0.58862154 0.56463363
 0.36646968 0.54272609 0.46191342 0.44554891 0.66928401 0.70641689
 0.66766835 0.68529393 0.38736757 0.11069855 0.11239538 0.02097559
 0.0589444  0.        ],[ 0.79705269  0.61966153  0.57056706  0.56865294  0.64440944  0.59385911
  0.53221807  0.46359732  0.4485777   0.45151661  0.55572185  0.67911674
  0.79608246  0.58392553  0.21161078  0.04572067  0.07750662 -0.16010146
 -0.0625734   0.        ],[ 0.62385353  0.47524588  0.54718636  0.58533379  0.44749843  0.39044448
  0.42891365  0.27989994  0.3437423   0.62995653  0.31532732  0.35209807
  0.72821169  0.44684832  0.10952523  0.01898269  0.04438802 -0.01212675
  0.08928114  0.        ],[ 1.00430029  0.4135031   0.27621895  0.54676216  0.51073532  0.52414404
  0.62934123  0.48277326  0.3931083   0.59322019  0.50830645  0.46510593
  0.7161206   0.59312042  0.41862969  0.1952516   0.25842763 -0.06395312
  0.33944168  0.        ],[1.34429888 0.45518793 0.29484187 0.45942162 0.36742307 0.48748273
 0.47350646 0.54468946 0.64895763 0.66645165 0.52238927 0.48439455
 0.63920681 0.76996769 0.68568919 0.29575659 0.26689189 0.04832449
 0.25480349 0.        ],[ 1.46766297  0.72865016  0.55610836  0.15225712  0.15849076  0.39677806
  0.33416593  0.43309642  0.59151868  0.40369659  0.43787361  0.53185217
  0.51484275  0.66094691  0.40910088  0.03403036  0.06411527 -0.00918645
  0.04531286  0.        ],[ 0.76538868  0.68318804  0.46767275  0.23683872  0.35783014  0.49742092
  0.23563836  0.3033279   0.60510557  0.61050648  0.43798214  0.55802217
  0.32854245  0.49894739  0.14257881  0.02749465  0.06747242 -0.04249475
 -0.0009219   0.        ],[ 0.67246846  0.61921242  0.51672549  0.25827235  0.58498961  0.59182044
  0.41610366  0.58914383  0.76201745  0.6343016   0.68118031  0.70182569
  0.3072047   0.22136358  0.1061567  -0.04394941 -0.04356244 -0.16979474
 -0.07247182  0.        ],[ 0.23607447  0.27369263  0.42162126  0.55468379  0.64056903  0.54990772
  0.36235791  0.73200274  0.89280474  0.83224255  0.69290409  0.54254641
  0.4382382   0.28065055  0.35479142  0.13227028  0.04995112 -0.0657851
 -0.0368271   0.        ],[ 0.2884357   0.36086494  0.49700108  0.58242642  0.37253865  0.3500001
  0.33521102  0.77379139  0.98545956  0.72685848  0.52092864  0.39777939
  0.4222128   0.36595512  0.59476107  0.31864368  0.0355574  -0.07741076
 -0.0090462   0.        ],[ 0.16543018  0.38336077  0.58157967  0.6957878   0.5870441   0.5588767
  0.51081274  0.78337858  0.76724547  0.50209856  0.42912919  0.5507162
  0.44569754  0.40451713  0.72355223  0.48629844  0.08520068 -0.05281617
 -0.01684934  0.        ],[0. 0. 0. 0. 0. 0. 0. 0. 0. 0. 0. 0. 0. 0. 0. 0. 0. 0. 0. 0.],