[ 0.3172502   1.09843217  0.88060544  0.21151037  0.43151624  0.51403721
  0.15168444  0.29992782  0.41857354  0.46127018  0.4305092   0.34080558
 -0.02562693  0.26126697  0.67670808  0.75000386  1.18200579  0.86229904
  0.39903701  0.        ],[0.36698447 0.77797186 0.74858597 0.487705   0.375941   0.55111786
 0.4095361  0.53762395 0.52962739 0.58570053 0.52989053 0.44182602
 0.61167309 0.57368916 0.49824644 0.48056097 0.61251524 0.48113793
 0.35145993 0.        ],[0.60847606 0.8579661  0.77423034 0.37634439 0.4861401  0.41757858
 0.46290827 0.67155893 0.49719554 0.49846935 0.64302372 0.6998839
 0.64438802 0.67717237 0.56262417 0.56870763 0.45201633 0.41707823
 0.41019304 0.        ],[0.86466289 0.59905254 0.6520903  0.23123317 0.2045813  0.26524639
 0.29115839 0.72159098 0.71990576 0.4242266  0.588773   0.80459172
 0.77890063 0.8048483  0.80279046 0.68082159 0.48355348 0.50474389
 0.48893532 0.        ],[0.51589916 0.60322637 0.42831127 0.36356883 0.37948524 0.5567606
 0.39851307 0.65545892 0.48226523 0.24584918 0.51744006 0.60061201
 0.3921885  0.70061468 0.78228581 0.53570673 0.35637115 0.42589883
 0.39213676 0.        ],[-0.32980076  0.66449248  0.62070351  0.64851686  0.63177014  0.51527899
  0.54882244  0.52815352  0.41398035  0.30945471  0.47022303  0.62598531
  0.36361436  0.4662308   0.44079356  0.41699047  0.39482716  0.55969983
  0.40630364  0.        ],[-0.27374374  0.53489138  0.44394717  0.6570742   0.65044909  0.4596885
  0.47272844  0.30848779  0.40863745  0.59903259  0.34504119  0.3601678
  0.60483395  0.56082454  0.39957578  0.63689446  0.4631532   0.44023406
  0.53932161  0.        ],[0.42139378 0.40014941 0.56871055 0.50011518 0.71557088 0.70400882
 0.43724458 0.39502819 0.34852599 0.54405541 0.45745825 0.2576034
 0.45122997 0.3263878  0.26469967 0.44938948 0.39401294 0.60401958
 0.5202992  0.        ],[-0.42515482  0.57857206  0.68416899  0.53310243  0.58542256  0.52559795
  0.42611422  0.51816918  0.61892444  0.6124625   0.46217355  0.41068415
  0.38972663  0.3572816   0.36020594  0.38870628  0.28825186  0.23882434
 -0.02669367  0.        ],[-0.43959445  0.50631243  0.7687201   0.84021746  0.67539443  0.5076848
  0.48991561  0.5307703   0.61492647  0.58594311  0.49738733  0.66469052
  0.37026266  0.22503547  0.27071566  0.31802327  0.07102427 -0.09149376
 -0.0469751   0.        ],[ 0.5463096   0.40338253  0.68591972  0.9530806   0.81368687  0.46125097
  0.44657004  0.6357228   0.69521118  0.73413849  0.84630212  0.87009672
  0.49674147  0.33032124  0.38899682  0.19793866 -0.00467862  0.1036526
  0.0053677   0.        ],[ 1.08407384  0.29645942  0.3630178   0.82853777  0.76420159  0.53474157
  0.68485644  0.62491847  0.58975107  0.67132225  0.7901041   0.59041019
  0.4864017   0.24724026  0.45104792  0.1995388  -0.01852522  0.10318723
  0.02500418  0.        ],[0.97321975 0.37270945 0.45550099 0.49753428 0.51341717 0.55060962
 0.72659082 0.54952138 0.57202774 0.41894524 0.56881662 0.4165381
 0.57192853 0.40875648 0.49376982 0.40291189 0.3368942  0.38319045
 0.34998922 0.        ],[ 0.02992412  0.56305202  0.33492704  0.40753872  0.54290171  0.62211057
  0.7639134   0.68177266  0.52005361  0.4361149   0.40436206  0.24141111
  0.41679029  0.57777174  0.50055926  0.40390975 -0.03330698  0.13324518
  0.1746043   0.        ],[ 0.35605598  0.7386337   0.69596752  0.60873125  0.63557519  0.57030485
  0.72630897  0.83585909  0.57618125  0.41570047  0.42230993  0.47027162
  0.54900989  0.48738767  0.45793464  0.36780391 -0.00914864 -0.01543222
 -0.00515522  0.        ],[0.3264739  0.36310518 0.64289469 0.78595443 0.82055738 0.7140864
 0.39192894 0.78234605 0.7932864  0.46977953 0.38843773 0.34598074
 0.57164744 0.48536187 0.33440429 0.34171153 0.16230475 0.06012186
 0.06131655 0.        ],[0.54283197 0.34963213 0.40229445 0.54551355 0.70316801 0.6988625
 0.27629355 0.56545211 0.76519375 0.61207864 0.6623664  0.44928548
 0.24149389 0.25419191 0.41559485 0.34441874 0.12309033 0.07550678
 0.01136151 0.        ],[ 0.88177345  0.51001443  0.38436528  0.45092897  0.54634482  0.54189573
  0.3465799   0.38945761  0.57314898  0.51483765  0.4516848   0.42403352
  0.31413951  0.3080956   0.54602139  0.42748836  0.02120238 -0.04164308
  0.00394715  0.        ],[ 0.5217607   0.32306767  0.37255643  0.54282663  0.50372499  0.42119045
  0.54152787  0.49346251  0.52779199  0.56588968  0.58220117  0.63865637
  0.72071314  0.53699936  0.50461361  0.41959567  0.05453445 -0.00235716
 -0.00109323  0.        ],[0. 0. 0. 0. 0. 0. 0. 0. 0. 0. 0. 0. 0. 0. 0. 0. 0. 0. 0. 0.],