[-0.19464156  0.54604578  0.78214857  0.7340856   0.84542873  0.70921397
  0.33803938  0.39275495 -0.05276337  0.59957643  0.61613817 -0.33940543
  0.0960882   0.50915837  0.        ],[-0.42330865  0.61836431  0.33625307  0.44560759  0.79487564  0.746506
  0.39432615  0.17520085  0.36701511  0.44496586  0.54920947  0.59060429
  0.5887016   0.49185634  0.        ],[0.13571173 0.50284775 0.4769109  0.71300799 0.80714827 0.69504459
 0.39103947 0.25266697 0.27451089 0.46271291 0.52528995 0.68971548
 0.69695348 0.51916597 0.        ],[0.92757842 0.50502431 0.65454365 0.53423674 0.48124431 0.36958019
 0.51234089 0.50668684 0.22350296 0.43362034 0.3868513  0.38686503
 0.53063646 0.53285571 0.        ],[0.74369722 0.37337277 0.54445569 0.70606234 0.641789   0.58423594
 0.69376385 0.67358734 0.35453405 0.35193681 0.34163642 0.34421206
 0.34964808 0.47381568 0.        ],[0.63891085 0.61776465 0.69937224 0.81950831 0.71751694 0.52704154
 0.52047984 0.59050901 0.48794795 0.56432455 0.68468229 0.53989716
 0.53102636 0.60478912 0.        ],[0.46291051 0.61386257 0.42289071 0.72314172 0.46896236 0.2619462
 0.36335446 0.2114258  0.38966795 0.53303468 0.67810914 0.60710656
 0.39166576 0.3410906  0.        ],[0.988539   0.56149503 0.44291987 0.4616723  0.26286102 0.27237658
 0.55184175 0.55431101 0.58667849 0.39633919 0.28701559 0.26031514
 0.05818698 0.00206686 0.        ],[ 1.41091959  0.60618125  0.32250606  0.5934501   0.53450459  0.67179864
  0.74515353  0.74449681  0.78124306  0.31134508  0.11229339 -0.21520096
 -0.37290159 -0.15813506  0.        ],[ 0.62094419  0.69453732  0.58229729  0.38882359  0.33089601  0.53540958
  0.44303706  0.43030576  0.71316949  0.23421265 -0.38579571 -0.55611757
  0.00256248  0.22716632  0.        ],[ 0.48568462  0.54695702  0.45789397  0.32379727  0.31354076  0.62604941
  0.56109539  0.58834901  0.74464749  0.44985892 -0.01514911 -0.24172126
 -0.07658916  0.05869738  0.        ],[0.8626605  0.52758466 0.34508155 0.29641926 0.56606817 0.63390798
 0.61917104 0.50962398 0.46746522 0.7028653  0.57771929 0.30798826
 0.12494013 0.01400722 0.        ],[ 0.53837836  0.55271595  0.45473275  0.3779194   0.60616615  0.52606692
  0.5791616   0.66811285  0.60757754  0.88621653  0.82052359  0.70451941
 -0.00666933  0.02874902  0.        ],[ 0.12238049  0.41605549  0.40763572  0.31385366  0.5319416   0.42175911
  0.46680858  0.22617039  0.52914921  0.65995521  0.33873186  0.25942725
 -0.16797414 -0.04946299  0.        ],[0. 0. 0. 0. 0. 0. 0. 0. 0. 0. 0. 0. 0. 0. 0.],