[ 3.07681439  0.36765383 -0.13190597  0.45206892 -0.2635591   0.44399663
  1.03091709  0.45934911 -0.26985645  0.51943393 -0.00949015 -0.4996726
  0.01178533  0.38732889  0.15248042  0.59043556  0.681211    0.91036948
  0.69738932  0.        ],[0.19797535 0.40631707 0.40124779 0.73375664 0.77434819 0.81557788
 0.66687602 0.69925925 0.62167669 0.51357653 0.74365239 0.63022576
 0.63170781 0.67586755 0.46255688 0.61046366 0.39153692 0.54713739
 0.53569964 0.        ],[-0.03877613  0.53221388  0.38814073  0.67222173  0.71007542  0.78112846
  0.6554041   0.76262426  0.75686438  0.73595603  0.78792162  0.77784202
  0.66421878  0.421653    0.4910856   0.69550168  0.41785553  0.32857093
  0.44349278  0.        ],[0.95946798 0.50716827 0.54518854 0.42274766 0.42360415 0.40819393
 0.38817765 0.68120702 0.69580604 0.79434743 0.70687442 0.85332418
 0.59497291 0.27497091 0.52398762 0.56003911 0.54579076 0.24302974
 0.38276083 0.        ],[-0.17609795  0.4548711   0.46782142  0.57516962  0.52112813  0.26479256
  0.19816362  0.46783723  0.7242418   0.57477212  0.42802779  0.60255029
  0.72464841  0.41837519  0.68452536  0.70150154  0.62266809  0.26035417
  0.34144835  0.        ],[-0.58635677  0.45934863  0.30607537  0.41222954  0.54063598  0.42247766
  0.25561613  0.70239103  0.71205328  0.56215803  0.3628893   0.36629559
  0.63631162  0.55542643  0.65982079  0.76885847  0.63193086  0.39415578
  0.54804756  0.        ],[0.4260911  0.48834991 0.31573214 0.3802179  0.63633238 0.54770126
 0.36231    0.75719315 0.73283157 0.70374154 0.53913328 0.29660737
 0.31405113 0.37846692 0.64031154 0.73549657 0.59812672 0.48154208
 0.59679667 0.        ],[0.3785348  0.46621905 0.42866839 0.58141603 0.53641717 0.65573727
 0.63327803 0.57525045 0.4717256  0.50016131 0.4405821  0.25076109
 0.22829921 0.35008397 0.3664227  0.55099426 0.55864384 0.54684085
 0.59563281 0.        ],[-0.02205748  0.34135688  0.35341651  0.66244326  0.43671406  0.44094678
  0.53701607  0.38848808  0.37408108  0.45558235  0.66612588  0.62347096
  0.30842943  0.48764654  0.57942052  0.51126648  0.66142558  0.62354943
  0.60579035  0.        ],[0.50839489 0.52260878 0.45959489 0.5284462  0.34776572 0.413363
 0.58706531 0.59461623 0.33888392 0.34378033 0.63903612 0.65679422
 0.5086295  0.69445505 0.65749537 0.36893681 0.47109148 0.57260356
 0.57185462 0.        ],[0.46635371 0.47144771 0.65251343 0.73848859 0.56070517 0.39064939
 0.65371461 0.6397568  0.40031175 0.52729772 0.52686052 0.5685427
 0.48960071 0.59504268 0.63765298 0.47998654 0.31207927 0.43226889
 0.41547555 0.        ],[0.8280457  0.38237292 0.50042927 0.57544604 0.50286913 0.7176591
 0.64967435 0.50109406 0.57146712 0.46121691 0.45291526 0.58602556
 0.36889551 0.46641311 0.4745222  0.42482547 0.43199461 0.36896345
 0.36183737 0.        ],[1.43736881 0.35808118 0.51703822 0.39057987 0.36092579 0.60854994
 0.47654861 0.68855095 0.63541853 0.48639865 0.57024709 0.67079537
 0.44725823 0.4604678  0.6578179  0.35646916 0.43175375 0.34297249
 0.43300397 0.        ],[0.47262548 0.29420256 0.46076207 0.65973375 0.35963565 0.2826168
 0.44505487 0.6760475  0.50958772 0.44193109 0.47063842 0.47268601
 0.40499816 0.72782304 0.80466669 0.50614421 0.34424333 0.42333052
 0.58617409 0.        ],[0.01666555 0.56592133 0.68814402 0.59573564 0.307775   0.44062805
 0.65091216 0.60559635 0.50953425 0.61468081 0.55779925 0.27860325
 0.41669271 0.77776491 0.79862601 0.47938217 0.2719236  0.36289389
 0.53978771 0.        ],[0.93490185 0.50132711 0.57885663 0.56352675 0.6286046  0.76573185
 0.7442079  0.61602316 0.32814556 0.31249414 0.36653347 0.2914471
 0.40051283 0.62905301 0.5020115  0.4491491  0.59144188 0.50679769
 0.58714511 0.        ],[0.37975181 0.35872517 0.57551203 0.77425605 0.7707535  0.81784746
 0.77559703 0.78027857 0.49006832 0.51367617 0.72521941 0.57795753
 0.37635264 0.43251301 0.52304843 0.49749342 0.76398177 0.62172485
 0.50391603 0.        ],[0.97412969 0.74632802 0.62020963 0.61578341 0.70528184 0.52764403
 0.5632955  0.64786807 0.39305101 0.43681485 0.68451694 0.51466056
 0.48775612 0.38585898 0.5309378  0.42668767 0.67300595 0.84257596
 0.71581494 0.        ],[0.93896276 0.78981546 0.60020176 0.50767993 0.72566486 0.47816308
 0.53522699 0.46465068 0.56934897 0.67658029 0.4993186  0.31508727
 0.42456932 0.66044708 0.57534626 0.45018912 0.36217122 0.57525836
 0.64808501 0.        ],[0. 0. 0. 0. 0. 0. 0. 0. 0. 0. 0. 0. 0. 0. 0. 0. 0. 0. 0. 0.],