[ 5.05626899e-01  2.30586338e-01  3.88951502e-01  7.84523075e-01
  6.24810596e-01 -2.09091732e-02  5.64614298e-01  1.41510142e+00
  1.32462777e+00  8.63419188e-01  3.75870399e-01  1.55466810e-01
  2.98332169e-01  3.50081355e-01  3.94608076e-01 -8.72339199e-03
  4.59743147e-01 -9.60607509e-03  2.96157941e-01  1.97399537e-01
  5.90171214e-02  1.44373705e-01  3.39375162e-01  1.12960495e+00
  8.85541947e-01  1.90599028e-01  5.40149612e-01  2.39229710e-01
  4.91580119e-01 -8.49375707e-03 -1.52273922e-01  2.10212027e-01
  4.51922221e-01  3.92805415e-01  7.77678331e-01  6.24818612e-01
  1.06090608e-01  7.24340433e-01  7.20283470e-01 -2.59696035e-01
 -3.80659659e-01  1.11840316e-01  6.54581798e-01  9.26858075e-01
  1.08488133e+00  7.03958401e-01  9.07611720e-01  9.97160944e-01
  6.92487057e-01  6.62440077e-01  4.02392245e-01  2.52420954e-02
  3.39661309e-02  7.92676117e-01  1.54369658e-01  2.29864815e-01
  3.01635943e-01  2.48227403e-01  5.17960598e-01  8.39787471e-02
 -1.80869406e-01  8.75717167e-02  3.12727207e-01 -2.66166653e-02
  5.58889019e-01  4.84884585e-01  2.20483230e-01  1.57628289e-01
  6.19582690e-01  6.66695302e-01  5.87982602e-01 -8.25988662e-04
  4.58333096e-01  1.00395725e+00  8.79755637e-01  5.37761740e-01
  6.05975193e-01  1.11944266e+00  9.56072702e-01  0.00000000e+00],[0.62916365 0.60387601 0.6388291  0.71768936 0.67321438 0.31779867
 0.40601008 0.54604669 0.71534819 0.40566238 0.38319666 0.48394681
 0.46246852 0.47299865 0.37628692 0.36497758 0.33537216 0.36777814
 0.68559327 0.71228142 0.66573793 0.59831466 0.3960624  0.61798083
 0.81133324 0.70416247 0.51366307 0.46826386 0.38715076 0.37527731
 0.59025054 0.51843531 0.5791321  0.7139798  0.70492684 0.76768757
 0.45925071 0.54911076 0.32684821 0.37703502 0.4046839  0.25282834
 0.45687991 0.35596829 0.35338495 0.37163964 0.44341105 0.37519554
 0.39397992 0.62498684 0.64841894 0.44817463 0.51565704 0.60879385
 0.50670335 0.42995221 0.51738689 0.45719145 0.61566711 0.54557611
 0.58909978 0.45123197 0.55102689 0.43462838 0.59863758 0.47703959
 0.3640765  0.4184175  0.41626309 0.54345829 0.54655911 0.34818699
 0.34847496 0.45155477 0.64822534 0.41602952 0.24037138 0.35932328
 0.49421183 0.        ],[0.57327721 0.68887893 0.76132055 0.80004571 0.74915236 0.42080408
 0.30399196 0.34964053 0.49821757 0.28437988 0.47512546 0.4647268
 0.40380905 0.5220361  0.40998735 0.52677828 0.4153979  0.52692398
 0.68337624 0.68983162 0.69301733 0.63442446 0.38232047 0.43249541
 0.72200745 0.81649799 0.51562153 0.45793462 0.46196964 0.65814415
 0.83282607 0.73271949 0.69787401 0.72515508 0.64371879 0.64957747
 0.56684695 0.42429371 0.27601085 0.55470757 0.58794284 0.39054284
 0.51920705 0.23847826 0.18050288 0.27340124 0.33379219 0.20578232
 0.45570898 0.52486186 0.59126551 0.58845163 0.69909794 0.50128855
 0.54282339 0.42077826 0.52968145 0.47341166 0.51494165 0.60921223
 0.64534907 0.48696641 0.4564216  0.49639826 0.56851512 0.58757719
 0.53367528 0.48956399 0.38592334 0.60660661 0.60952478 0.53952554
 0.37456958 0.42020416 0.58053068 0.34343372 0.22276962 0.22448661
 0.30679881 0.        ],[0.49051801 0.56970612 0.71584275 0.8759484  0.80250121 0.40380624
 0.23941771 0.54776678 0.57718088 0.44270634 0.60874573 0.33553873
 0.29210816 0.49703574 0.43239523 0.50664765 0.55023922 0.51070586
 0.45787818 0.3411536  0.35685158 0.36918586 0.30401614 0.49657136
 0.57880144 0.58062373 0.5075771  0.35181427 0.65904588 0.81709877
 0.69686989 0.74610771 0.74348222 0.49977607 0.55692096 0.4293173
 0.54191363 0.39663621 0.45840682 0.45836381 0.42864133 0.55003149
 0.72820934 0.4908419  0.4294234  0.38320449 0.45691868 0.3256003
 0.68589117 0.42413711 0.36001425 0.50225725 0.62173157 0.43223714
 0.40312437 0.34293851 0.44903134 0.39471704 0.32120922 0.44719456
 0.33891903 0.32316811 0.20661853 0.30109832 0.51460907 0.73666613
 0.6911505  0.4989216  0.5022682  0.76663812 0.67113341 0.59791183
 0.45111334 0.64826865 0.62956266 0.37657173 0.42632543 0.50022253
 0.34157907 0.        ],[0.75047145 0.49629441 0.46297504 0.59926517 0.70711574 0.59244129
 0.20080632 0.37289959 0.57657373 0.59469232 0.66491514 0.71247862
 0.59326378 0.46808773 0.29462279 0.44115848 0.39129596 0.50836661
 0.55598129 0.33070865 0.31515577 0.26379019 0.2104258  0.53821079
 0.32502096 0.3205154  0.42595316 0.5226291  0.7280793  0.7781168
 0.55551026 0.41963185 0.6011899  0.35685849 0.3596503  0.5504874
 0.71817822 0.60619484 0.57014177 0.5563895  0.5721326  0.71096584
 0.72585312 0.7719408  0.62404195 0.52750877 0.43503009 0.30292523
 0.50515633 0.49803475 0.40179077 0.39025207 0.498187   0.36003645
 0.53007003 0.53221291 0.61948749 0.56052602 0.40879776 0.50017947
 0.56704792 0.34250126 0.30055847 0.32575364 0.57553902 0.64260889
 0.63705254 0.65238363 0.57861666 0.70059331 0.46089212 0.54061742
 0.37847976 0.47840757 0.64215071 0.57072154 0.44363351 0.51000482
 0.35575716 0.        ],[0.70712749 0.3750736  0.37471163 0.59690289 0.70384903 0.70462916
 0.38363936 0.44268137 0.44389352 0.51836071 0.70876672 0.69156562
 0.70136652 0.58567918 0.31645394 0.51020151 0.50198528 0.59183012
 0.73529001 0.38408807 0.3067217  0.44886763 0.28567187 0.52092303
 0.26454926 0.51012038 0.50812021 0.52870348 0.56188629 0.69870614
 0.4040478  0.54710471 0.5993389  0.50564812 0.30883479 0.56332078
 0.82966553 0.80571927 0.6920076  0.33055193 0.26298433 0.48379214
 0.5623803  0.70172103 0.62940745 0.48805081 0.45377679 0.46427003
 0.37058637 0.5541993  0.56180808 0.32974812 0.56002734 0.48644403
 0.66824942 0.50004358 0.76653818 0.76687702 0.60724303 0.329778
 0.34679596 0.31751813 0.29102906 0.41368184 0.61467814 0.4028525
 0.35272753 0.30145849 0.33477446 0.46391934 0.42807472 0.34862404
 0.50853262 0.68853776 0.66826426 0.51275079 0.44985188 0.43851629
 0.1769776  0.        ],[0.54420062 0.33520431 0.24638029 0.3532525  0.74388148 0.73327605
 0.59213291 0.37657468 0.65509997 0.68589685 0.60224213 0.39774031
 0.50835947 0.48863462 0.5392475  0.65261165 0.49593914 0.46755924
 0.67626156 0.43240427 0.45308481 0.38200762 0.51976161 0.56792385
 0.2846105  0.50154103 0.54048108 0.55596846 0.50352448 0.67984533
 0.42337502 0.39870369 0.34090606 0.52456128 0.45196391 0.45563443
 0.69243879 0.68252938 0.38651195 0.25606299 0.21896977 0.16649147
 0.15819135 0.29965876 0.44190246 0.68216747 0.61875212 0.37805728
 0.49465618 0.54537273 0.40922501 0.35018077 0.37514713 0.44757096
 0.555809   0.55330113 0.56489486 0.5248345  0.40654239 0.40971629
 0.45640246 0.29892902 0.28363764 0.30493221 0.56939937 0.3628242
 0.47238355 0.34698412 0.22666803 0.39996361 0.51808254 0.50902608
 0.65357971 0.65771316 0.72579284 0.73495685 0.57918256 0.2826394
 0.20046902 0.        ],[0.45199621 0.42263586 0.43885226 0.47892632 0.49024056 0.52541316
 0.44654118 0.39799956 0.628096   0.39284055 0.4767914  0.52872145
 0.55759758 0.70929984 0.80188473 0.62476578 0.60499485 0.65195777
 0.65901751 0.66548015 0.57862225 0.29253688 0.44161633 0.69885598
 0.54106737 0.4483717  0.57181046 0.48667961 0.47038042 0.35472434
 0.27306804 0.33499173 0.39336066 0.28767301 0.34428208 0.35667436
 0.34454359 0.46295332 0.31650906 0.38516922 0.35012665 0.27855889
 0.2322437  0.48444465 0.45071075 0.47849714 0.62886368 0.42535436
 0.38776085 0.51759942 0.44046037 0.49813392 0.51699836 0.69627417
 0.46629852 0.27263762 0.35414514 0.51399124 0.42234596 0.47801579
 0.36001038 0.45464796 0.3677944  0.5080702  0.63168051 0.50260736
 0.46424074 0.28030769 0.30394786 0.45472621 0.35847288 0.34069767
 0.59836943 0.653923   0.5213111  0.62355783 0.45742082 0.29229829
 0.27272202 0.        ],[0.75367803 0.36250945 0.32832897 0.48287641 0.32273942 0.29244754
 0.63124407 0.5866594  0.5299636  0.37097583 0.23146692 0.26091313
 0.58176754 0.75665123 0.73205195 0.5382465  0.39640364 0.52401076
 0.62891525 0.54764394 0.57651632 0.54708754 0.53437654 0.8157749
 0.74062239 0.7429117  0.72015745 0.44607588 0.57032959 0.43415204
 0.45106346 0.47239747 0.56160372 0.42243057 0.60111025 0.53230008
 0.4271262  0.2899829  0.40984915 0.57976536 0.66063386 0.47309412
 0.35588823 0.35576567 0.45924297 0.33261094 0.42090034 0.32560735
 0.41222297 0.6552054  0.49921664 0.39282938 0.45638316 0.71749806
 0.6286393  0.42791312 0.47710074 0.42826583 0.49213307 0.71817156
 0.62118643 0.49731266 0.57223017 0.45599367 0.43275806 0.56570961
 0.39890246 0.44027687 0.55774733 0.41927553 0.58552031 0.5297341
 0.3447574  0.37266712 0.47917378 0.36184845 0.49737781 0.3200346
 0.38408339 0.        ],[0.11181269 0.40165129 0.47950608 0.37211894 0.21302903 0.27820509
 0.6422593  0.72335122 0.56493743 0.4742868  0.34823284 0.31777378
 0.52236903 0.52408832 0.42720791 0.68458255 0.58652732 0.34835273
 0.38512762 0.39602622 0.47929458 0.55506854 0.74944915 0.80861934
 0.79323864 0.74135344 0.72378008 0.50620477 0.33172592 0.40273098
 0.51886565 0.38154908 0.39548946 0.39164399 0.62025188 0.42106024
 0.66906984 0.5180007  0.58814185 0.73404355 0.71739561 0.73854559
 0.726354   0.61471124 0.41930898 0.54805123 0.53816361 0.33433831
 0.50950724 0.43920159 0.3531269  0.437846   0.62447741 0.60509215
 0.54841409 0.55136971 0.65621685 0.60483673 0.48314548 0.71460121
 0.65676956 0.37575993 0.35562627 0.53801136 0.53128486 0.68973651
 0.54174041 0.49437183 0.38694984 0.27858789 0.377805   0.43037899
 0.33683933 0.52303862 0.63799246 0.31799771 0.31928133 0.34351387
 0.2676188  0.        ],[0.1757223  0.54639217 0.56570085 0.3497851  0.28777063 0.34965047
 0.46447467 0.52029558 0.48494961 0.42555603 0.33572375 0.32823644
 0.30231102 0.61448005 0.62327298 0.70423783 0.45491625 0.56885715
 0.44725245 0.47198395 0.4308189  0.52504399 0.81791203 0.81361215
 0.59151711 0.4145258  0.46194026 0.58676535 0.42185025 0.45988481
 0.51272099 0.33682682 0.22683473 0.31473944 0.53163225 0.4846606
 0.66064081 0.70722111 0.56642584 0.74633616 0.72548604 0.63875454
 0.72833021 0.61902048 0.36004441 0.43344834 0.51386413 0.27614515
 0.51076188 0.49361388 0.30105798 0.36924673 0.49784917 0.48432687
 0.43263673 0.4821535  0.61857441 0.49777927 0.61168311 0.73035626
 0.59517006 0.3183857  0.30332992 0.51051115 0.44264951 0.47658341
 0.44130642 0.29268161 0.28933689 0.42445954 0.68538571 0.7590692
 0.57707856 0.59698234 0.61834502 0.53549833 0.53750197 0.37642326
 0.22037672 0.        ],[0.4234095  0.53111015 0.36410802 0.12194396 0.3973255  0.66232583
 0.67552315 0.63126113 0.60441324 0.57555221 0.3012009  0.35935801
 0.23539154 0.39101235 0.50412878 0.65213388 0.44227871 0.62831144
 0.72641872 0.64488076 0.58072896 0.59019144 0.81360484 0.71494235
 0.50736112 0.42559229 0.34889471 0.37504297 0.40484738 0.39662611
 0.55867048 0.39081248 0.18325911 0.34266456 0.58925797 0.57442814
 0.49471051 0.37642428 0.31466226 0.5668617  0.46863786 0.48616024
 0.71276301 0.72273433 0.40587488 0.26908458 0.40060127 0.44030488
 0.56143107 0.75628035 0.54092224 0.46681861 0.6025595  0.6379926
 0.56882374 0.54900285 0.60175711 0.42126785 0.61268814 0.70632782
 0.69662918 0.63276489 0.34269459 0.45655411 0.66787648 0.57965986
 0.39285651 0.54847217 0.35410622 0.40091641 0.65553288 0.72101985
 0.67399192 0.68379454 0.67021296 0.49210291 0.43469514 0.58244281
 0.34746597 0.        ],[0.39595444 0.47029419 0.38039547 0.28203935 0.57215294 0.60226117
 0.39679652 0.44416064 0.6114631  0.66268019 0.54680068 0.47879701
 0.28741761 0.44280189 0.43894109 0.45854962 0.28124453 0.52971673
 0.68063003 0.54171775 0.41677861 0.36307583 0.69533206 0.46638766
 0.25694657 0.26710014 0.43462714 0.50185029 0.56374076 0.64580941
 0.62624347 0.54212091 0.30194424 0.55382114 0.74764533 0.67952555
 0.58722488 0.34794572 0.31176779 0.39995491 0.59906756 0.59063332
 0.49760865 0.42082342 0.35624368 0.34295913 0.55066245 0.76109677
 0.83149429 0.80535936 0.57033692 0.56409895 0.74944282 0.58598388
 0.57539708 0.64447396 0.71890749 0.57377177 0.6291869  0.37666904
 0.42600683 0.54457143 0.3771566  0.60394577 0.76266309 0.50131683
 0.36710292 0.58310953 0.27906938 0.33095179 0.40398107 0.35695964
 0.37415908 0.54252365 0.50736914 0.6685438  0.55234348 0.47815721
 0.43844552 0.        ],[0.4323599  0.53264348 0.54947375 0.49185195 0.38616109 0.28645978
 0.34283742 0.45671186 0.56354017 0.66956869 0.69947808 0.53503124
 0.35335683 0.37363022 0.29430218 0.33646349 0.45162365 0.57098695
 0.5484504  0.60761893 0.36780734 0.41380578 0.6653008  0.65983303
 0.40859713 0.19801602 0.3850693  0.57874583 0.5084802  0.69774404
 0.57464489 0.39266306 0.39563548 0.41246797 0.7499474  0.67857898
 0.70018782 0.38891314 0.29395277 0.26131539 0.32434801 0.4705703
 0.44800559 0.30919587 0.34111639 0.23624675 0.5808005  0.70218729
 0.59366569 0.51459097 0.50819847 0.70279778 0.81082845 0.73152856
 0.57744127 0.62713545 0.76109975 0.59476922 0.41878143 0.50507259
 0.53796177 0.63509768 0.53573226 0.70570481 0.66400527 0.43730367
 0.40901519 0.3348525  0.26138457 0.35413139 0.27198084 0.51442004
 0.36578242 0.57056862 0.52280438 0.60260011 0.41074238 0.24338695
 0.17697706 0.        ],[0.7024246  0.44655306 0.43081186 0.53281553 0.45339052 0.60688812
 0.68975473 0.57129656 0.3366186  0.47056612 0.38811587 0.35982113
 0.43442174 0.45821307 0.29030937 0.61521893 0.74720544 0.63947485
 0.32515148 0.31591099 0.22553365 0.35168071 0.50573036 0.59042968
 0.60658227 0.40684162 0.33092762 0.59301153 0.47773841 0.54276286
 0.55968048 0.4898063  0.32367592 0.45783658 0.46775248 0.41732986
 0.72115322 0.61334042 0.37977365 0.257222   0.2170114  0.41796127
 0.42475862 0.60030877 0.41267163 0.33742785 0.60908256 0.37026769
 0.39988881 0.60433159 0.47159164 0.4878087  0.54823997 0.71338452
 0.50015359 0.4084761  0.56999726 0.3944291  0.42267035 0.34325906
 0.33142451 0.28119305 0.25365807 0.58063125 0.35204379 0.44296855
 0.56731248 0.40251804 0.50538797 0.53079684 0.30902105 0.49511504
 0.3963466  0.67187509 0.48438684 0.31119138 0.43539456 0.37858256
 0.41543532 0.        ],[0.98131335 0.49568579 0.25208759 0.28088408 0.59543681 0.7382136
 0.77197328 0.69633707 0.48412038 0.45294685 0.50498173 0.41794278
 0.41036818 0.428452   0.37497528 0.57467502 0.70895033 0.67204405
 0.4268831  0.318847   0.36894226 0.34014482 0.41225353 0.56023693
 0.59791491 0.45027632 0.51411932 0.69416064 0.49827072 0.58174079
 0.65453208 0.47497933 0.47704589 0.6325125  0.38105627 0.48243254
 0.72764437 0.62870427 0.49210021 0.46700343 0.51558653 0.59560457
 0.3873841  0.45290213 0.50741331 0.48761699 0.44020073 0.29493535
 0.63168218 0.71134706 0.73664005 0.65793213 0.69294797 0.68146287
 0.46617536 0.57457302 0.42332724 0.41909605 0.46942086 0.51289719
 0.58531726 0.37115281 0.31291214 0.55766345 0.360031   0.33115642
 0.48376081 0.42406276 0.49930087 0.56695868 0.4434072  0.45782025
 0.46247225 0.7961941  0.71523251 0.33292343 0.27750399 0.32619992
 0.28522806 0.        ],[1.0414264  0.68855561 0.32879133 0.13429721 0.47439062 0.46509857
 0.49168197 0.36084054 0.63806449 0.69114701 0.4378538  0.48901218
 0.38708893 0.32170673 0.4332292  0.64209895 0.7157171  0.48819978
 0.57000163 0.51513755 0.50450355 0.49172591 0.29353032 0.3588917
 0.52714418 0.35073525 0.30111552 0.3651822  0.54007244 0.49815295
 0.5370576  0.66053169 0.72979391 0.71452212 0.51978918 0.48764345
 0.681493   0.54413526 0.36574336 0.44809704 0.6431595  0.59478126
 0.47456595 0.46812803 0.30068503 0.26192046 0.53839643 0.46115109
 0.69366723 0.45269228 0.62746562 0.44631626 0.34845794 0.34522763
 0.45397299 0.44150093 0.51706724 0.68494653 0.52836327 0.51269137
 0.5743222  0.37519763 0.29014754 0.45041348 0.48615224 0.37018984
 0.66144752 0.62550077 0.50438391 0.31350456 0.54484819 0.56642995
 0.63616216 0.81294313 0.78408808 0.64339659 0.50868337 0.50461123
 0.23064775 0.        ],[0.33136028 0.59237236 0.44293024 0.18088769 0.53503312 0.47332597
 0.60658042 0.26106891 0.26040113 0.52104137 0.40786983 0.53462228
 0.42085426 0.47264234 0.48764062 0.4137391  0.50698983 0.46601787
 0.5148032  0.49456429 0.52060036 0.63963002 0.52671551 0.44134832
 0.56015178 0.56908394 0.59314117 0.49931981 0.34591019 0.56341751
 0.60121765 0.73975152 0.79125286 0.58627151 0.59659567 0.52737785
 0.534146   0.5654672  0.49268074 0.3975139  0.48521308 0.62042044
 0.52995463 0.26691459 0.24847049 0.27561226 0.62693817 0.70803461
 0.68327142 0.44787217 0.40263481 0.42465439 0.4088018  0.39326047
 0.45685651 0.50435663 0.6387933  0.65346043 0.72302043 0.71524875
 0.63877349 0.5074923  0.54136432 0.4857581  0.33539694 0.25686285
 0.55594167 0.55420352 0.34285374 0.30616773 0.38660347 0.56103803
 0.74031789 0.72046515 0.63072884 0.69872263 0.5753069  0.40233958
 0.298979   0.        ],[0.57402349 0.59713045 0.4321555  0.28383307 0.60240538 0.46474398
 0.42322201 0.24093389 0.29473715 0.4356757  0.34269376 0.41946481
 0.5038986  0.536721   0.54787585 0.28643139 0.46686513 0.68232675
 0.61093309 0.53333103 0.74311063 0.79694102 0.5980882  0.56365997
 0.68455358 0.71463873 0.48833458 0.57752663 0.34414321 0.31433881
 0.30424514 0.51597069 0.70354923 0.64091138 0.77114934 0.74067109
 0.57702864 0.41970589 0.54539023 0.67351644 0.5385582  0.5635242
 0.35538304 0.41871878 0.50639914 0.41852528 0.68655868 0.76835274
 0.64778594 0.62322482 0.39575513 0.26366147 0.30440518 0.62554881
 0.67016015 0.34812631 0.44545376 0.71558909 0.77429517 0.57636617
 0.52290231 0.63592843 0.76955431 0.76168745 0.68929506 0.49462447
 0.43178043 0.3026971  0.45969368 0.58627275 0.55500257 0.54857998
 0.659919   0.66610524 0.51070897 0.41843999 0.32722991 0.25286435
 0.06624806 0.        ],[0.84761997 0.63302399 0.56368096 0.56779125 0.44862364 0.40215029
 0.36159239 0.30829777 0.58336114 0.40797928 0.60255452 0.66400028
 0.41687909 0.39317743 0.64026585 0.49557149 0.44025133 0.44996596
 0.5584742  0.66205941 0.56748779 0.7561165  0.53790837 0.41756078
 0.57776876 0.67163686 0.50816917 0.32063648 0.17572106 0.24546032
 0.4299205  0.36541347 0.5657111  0.69676071 0.79561171 0.84237912
 0.70186789 0.57112134 0.77111241 0.64547713 0.45089093 0.57661061
 0.47945846 0.3612979  0.45382935 0.4068771  0.5745306  0.53893302
 0.35995245 0.40850473 0.59955785 0.40060729 0.53616584 0.61245894
 0.56468052 0.32566819 0.51596116 0.62283072 0.51293021 0.56528493
 0.50391975 0.44424019 0.63526555 0.75032361 0.81913235 0.68039344
 0.3209066  0.1873338  0.36334363 0.45067608 0.62081823 0.71678766
 0.71189332 0.40694677 0.34240862 0.51577785 0.31465801 0.20898179
 0.11404576 0.        ],[0.80231724 0.68863343 0.64518613 0.67082944 0.70354526 0.54956601
 0.38879783 0.29444504 0.66128316 0.60041761 0.6851052  0.47633243
 0.27343241 0.24332348 0.51050883 0.60001633 0.63854735 0.50489347
 0.35480972 0.60768768 0.5743343  0.57145067 0.37797279 0.38387714
 0.3215364  0.40960501 0.51191968 0.5082028  0.39447237 0.44586339
 0.64868416 0.45560505 0.56085281 0.69463405 0.71823579 0.71694541
 0.51419051 0.38008118 0.6761285  0.63182446 0.38016208 0.57221295
 0.58025535 0.501199   0.56036805 0.45175886 0.50581214 0.67336729
 0.52349609 0.4293559  0.63921957 0.5886018  0.67822346 0.55599548
 0.27803467 0.37116955 0.65597051 0.64843483 0.54500722 0.6806199
 0.69346541 0.51159214 0.56692754 0.58160868 0.75858047 0.48445204
 0.36160815 0.37765947 0.41131817 0.39631167 0.48081156 0.59573781
 0.55551708 0.44168932 0.38855016 0.52758004 0.60153507 0.29074172
 0.43140524 0.        ],[0.31257761 0.41558596 0.48224756 0.56244673 0.77651787 0.85682583
 0.6794601  0.34687481 0.34901884 0.59212549 0.63406719 0.50613294
 0.49326688 0.31337067 0.45177077 0.42176027 0.63475548 0.55907794
 0.39441543 0.40226543 0.4766375  0.54391103 0.31530712 0.31348719
 0.36252236 0.60172826 0.63120176 0.51312379 0.31225927 0.3289949
 0.41732292 0.55355928 0.77757036 0.80521378 0.77544885 0.53214142
 0.42850655 0.36936436 0.46341292 0.63779784 0.50361153 0.63181344
 0.40492407 0.21488729 0.23925916 0.33469856 0.43813484 0.46012644
 0.40827598 0.28840485 0.41923524 0.41539952 0.6149004  0.33075146
 0.23025784 0.49274909 0.75991193 0.74297845 0.76055    0.63980784
 0.7202265  0.6820568  0.63734193 0.54290159 0.70899291 0.47623928
 0.61938748 0.6704155  0.60248476 0.46801518 0.33947628 0.23055188
 0.1720811  0.22854108 0.39717841 0.60909321 0.6621489  0.46561663
 0.5571469  0.        ],[0.71525299 0.66124357 0.75240376 0.84779683 0.63157637 0.6479511
 0.43264953 0.50439038 0.37331951 0.48748354 0.33555338 0.41537702
 0.47806291 0.39146444 0.61859414 0.40495303 0.52232155 0.54270918
 0.50510578 0.31487593 0.50106117 0.63815293 0.49548896 0.49886499
 0.36540172 0.41043978 0.38563959 0.33059643 0.43784628 0.55669446
 0.60772211 0.72639214 0.700369   0.70652261 0.81699671 0.74025133
 0.70874531 0.4036123  0.28377262 0.44805681 0.39022856 0.59996956
 0.65790886 0.45554709 0.3647864  0.46669265 0.63941246 0.39715368
 0.48387101 0.46712886 0.64152239 0.43423716 0.54700048 0.51145831
 0.47630576 0.45984398 0.53068029 0.45284241 0.69938733 0.44735377
 0.4943284  0.62431983 0.34754757 0.55990551 0.71831493 0.47139265
 0.50803634 0.46139328 0.328446   0.3228194  0.23893243 0.25781678
 0.11917504 0.11313289 0.20869741 0.51121835 0.72668784 0.62146555
 0.39867506 0.        ],[0.9021592  0.81360213 0.73245904 0.70524828 0.77673593 0.55647699
 0.42731003 0.44951562 0.45892784 0.3939553  0.27541541 0.4112149
 0.54703191 0.44702995 0.48238613 0.28962953 0.37821152 0.26435866
 0.27513183 0.32752098 0.43514678 0.49549765 0.32701184 0.45773275
 0.47658133 0.37849711 0.39852983 0.53571461 0.37512873 0.37304541
 0.69666462 0.67544573 0.39118494 0.35934319 0.72535674 0.57957544
 0.55611166 0.37372195 0.46959444 0.43780991 0.43682195 0.38546397
 0.63297988 0.7990943  0.67223833 0.42254128 0.61949116 0.39854594
 0.52746044 0.60587916 0.67595011 0.64631372 0.40386734 0.40823409
 0.72195477 0.70558197 0.59841737 0.31883742 0.53222562 0.70396519
 0.65442799 0.50817683 0.32727955 0.47229724 0.49739996 0.46463355
 0.54077677 0.61234699 0.45467833 0.54293336 0.45198098 0.56549275
 0.24246131 0.27405955 0.3035311  0.52909156 0.5713357  0.56217723
 0.3730707  0.        ],[0.79037188 0.61709574 0.41695567 0.34720664 0.72424724 0.64272529
 0.51110637 0.4802548  0.28461325 0.30024199 0.43151076 0.64700762
 0.72818213 0.64582052 0.36451481 0.35449283 0.26539157 0.2955786
 0.46532029 0.51483147 0.49483846 0.54595656 0.55040213 0.53347026
 0.3467718  0.44095773 0.36266499 0.65038964 0.41621081 0.30371603
 0.65535912 0.71207347 0.48144973 0.48196506 0.65568237 0.50263578
 0.70813617 0.55689873 0.49255534 0.60933683 0.48852981 0.35878663
 0.64052098 0.7750774  0.60814399 0.34025286 0.48428564 0.43214092
 0.64383789 0.70164155 0.41995852 0.5288394  0.46499986 0.54426388
 0.60124124 0.66227739 0.74267387 0.62090879 0.48490413 0.64244264
 0.50363445 0.5764012  0.57115389 0.34410037 0.37706954 0.67397264
 0.59901861 0.58165884 0.54740733 0.35025135 0.45301821 0.51391059
 0.39229153 0.38168579 0.29511965 0.32733281 0.46338408 0.53414089
 0.2774689  0.        ],[0.09079949 0.42647683 0.51004554 0.43544443 0.45788491 0.37077996
 0.3124905  0.25518898 0.34042433 0.33814411 0.50496713 0.39634106
 0.44280337 0.65422597 0.54000513 0.36376189 0.22948543 0.43859602
 0.45716059 0.66810241 0.6503333  0.57624945 0.59018657 0.56562469
 0.42823732 0.61545606 0.52526346 0.64172861 0.67907233 0.56457076
 0.60103097 0.48337151 0.51416016 0.684038   0.42273617 0.4169467
 0.65048817 0.56112749 0.46438304 0.52668827 0.5060872  0.4290729
 0.40019077 0.42532431 0.42546978 0.16613633 0.17420446 0.2256377
 0.49940468 0.66846651 0.31706202 0.38338134 0.36700817 0.60711716
 0.67246009 0.53299924 0.68673663 0.65061045 0.38992132 0.28368098
 0.29654211 0.36020777 0.59081832 0.62169409 0.55500099 0.62165466
 0.70145561 0.65964799 0.60617199 0.32897856 0.28460234 0.39385234
 0.46548391 0.53867108 0.52885099 0.50426872 0.50991115 0.43867587
 0.30681281 0.        ],[0.32511826 0.27045465 0.35077879 0.4886543  0.42319515 0.30289988
 0.37402926 0.30474267 0.36053806 0.31140845 0.60287312 0.60162234
 0.50392126 0.55700424 0.7325602  0.61459829 0.3240882  0.31979023
 0.54184524 0.54900211 0.62893946 0.4957464  0.52101141 0.44148566
 0.51168935 0.73705669 0.75243703 0.79614814 0.60550995 0.40827151
 0.43626901 0.44692655 0.45927441 0.64482976 0.44355057 0.66037416
 0.70402502 0.61835611 0.62589392 0.67109813 0.50272191 0.55275328
 0.34633887 0.3717008  0.4602565  0.28430884 0.18592515 0.28554131
 0.54346832 0.58012932 0.49594408 0.61911719 0.54276762 0.5210307
 0.69748975 0.45429138 0.4182869  0.68747496 0.47114244 0.45906253
 0.48325583 0.33798069 0.6271395  0.72708627 0.5520879  0.39102136
 0.35116553 0.35485213 0.3022244  0.21119195 0.29876251 0.49465457
 0.46820014 0.46380047 0.63788922 0.67838228 0.52501198 0.55845033
 0.29317778 0.        ],[0.4981181  0.43665907 0.4695862  0.55732762 0.57947815 0.60408403
 0.55916832 0.28268029 0.22499353 0.51016532 0.70008686 0.64107564
 0.42503773 0.38209833 0.67052208 0.64578829 0.44031733 0.36654234
 0.51285152 0.39477177 0.54241946 0.51578647 0.33757285 0.42336878
 0.34895075 0.48544236 0.66977916 0.73476275 0.52907528 0.3605534
 0.33780855 0.31530915 0.49729017 0.37446103 0.44170807 0.63706915
 0.37462949 0.29418923 0.41606248 0.56211715 0.55566513 0.44285606
 0.3796487  0.31490186 0.34311332 0.45001264 0.34100898 0.49488844
 0.7314794  0.72977622 0.51919658 0.64608444 0.66474261 0.5955182
 0.6460055  0.38501963 0.37461972 0.635169   0.62088548 0.60436398
 0.39219742 0.26538578 0.49303201 0.62336024 0.4656086  0.51481177
 0.42744448 0.63903513 0.60439962 0.39698972 0.55180783 0.62873
 0.66808408 0.4853368  0.50273391 0.63299271 0.66407761 0.61514656
 0.22292238 0.        ],[0.27425964 0.38985719 0.49517524 0.54043208 0.40769044 0.36567941
 0.39186953 0.35561368 0.31684557 0.41741896 0.50396502 0.41227445
 0.6024147  0.57623408 0.49821813 0.61927649 0.50641284 0.61917417
 0.57410167 0.48834657 0.4080725  0.47238124 0.30605117 0.24998565
 0.30668015 0.31843698 0.5363761  0.55807143 0.47899634 0.3232497
 0.35223043 0.49424584 0.53325852 0.49079122 0.52670013 0.40170807
 0.39056681 0.30776304 0.37341662 0.40141979 0.63375305 0.38269815
 0.39718714 0.4062554  0.55171987 0.59185826 0.62639344 0.43543697
 0.59340611 0.55900634 0.43055066 0.39591937 0.55243717 0.58911772
 0.40800083 0.42487614 0.41507587 0.55495899 0.55124093 0.35313846
 0.48406256 0.5144319  0.72005869 0.71880798 0.52811159 0.44068728
 0.50285666 0.56121352 0.56905596 0.49210858 0.35680575 0.57400013
 0.68729571 0.43144514 0.62299177 0.41302367 0.42899697 0.60651946
 0.2510723  0.        ],[-0.06431477  0.37770212  0.59898353  0.66712635  0.73216507  0.62413398
  0.65984988  0.52378505  0.43665322  0.30143871  0.48288028  0.40932783
  0.44481902  0.55870466  0.61338441  0.56744931  0.50171334  0.3647588
  0.30252067  0.53161129  0.64266992  0.44328182  0.28334958  0.18964773
  0.27903964  0.44359372  0.62367233  0.69173645  0.65568528  0.59143705
  0.37153867  0.26568898  0.38873367  0.44677162  0.31680569  0.31591662
  0.3326073   0.32939083  0.47692746  0.62789038  0.55917829  0.58301496
  0.57374771  0.52020974  0.32899901  0.33992885  0.51603697  0.54334488
  0.70439951  0.59180942  0.46693372  0.26921708  0.50581131  0.51395603
  0.58716306  0.35079355  0.54195272  0.56737306  0.63463417  0.41107674
  0.55358892  0.47649873  0.71240109  0.60287928  0.66771737  0.37797484
  0.48012218  0.45549885  0.41661756  0.41823747  0.50050625  0.37124346
  0.37920127  0.45741187  0.5973882   0.53239576  0.41334836  0.67565577
  0.25954466  0.        ],[0.51932835 0.54922264 0.43088512 0.29178681 0.44176961 0.4471948
 0.56412953 0.30866535 0.28200133 0.30471553 0.23763645 0.29178311
 0.37997664 0.36136393 0.49900556 0.56745413 0.57589365 0.48858685
 0.29763618 0.54511076 0.72004256 0.65861365 0.37391597 0.33338701
 0.48371597 0.57114237 0.45058701 0.42718816 0.40351863 0.5139686
 0.39490247 0.24827623 0.31096106 0.45708165 0.27132035 0.1979924
 0.16640213 0.42764856 0.71334866 0.69108081 0.65332692 0.69768197
 0.67778542 0.65901027 0.48838852 0.35813978 0.35474152 0.32248935
 0.51037514 0.54642859 0.4855732  0.35583676 0.60031545 0.52249237
 0.53788601 0.27106689 0.36967048 0.5003838  0.65470653 0.79337647
 0.84884364 0.73180172 0.70098095 0.65978805 0.61591486 0.43630537
 0.51949491 0.61597223 0.51123007 0.48651955 0.76599214 0.70461861
 0.40350306 0.55247544 0.49724408 0.43373683 0.54452221 0.57301367
 0.13394928 0.        ],[0.94375645 0.53826332 0.32373502 0.31017929 0.46277732 0.48211392
 0.4705293  0.28572908 0.21606695 0.35103806 0.30550557 0.42427759
 0.51087357 0.39688379 0.53401323 0.7262049  0.72129752 0.46284316
 0.33513166 0.4667523  0.46521954 0.50300244 0.51653102 0.50414879
 0.35648156 0.5307932  0.53017822 0.33292974 0.30780255 0.46488295
 0.31235642 0.27546114 0.53611151 0.64314591 0.40742963 0.2704982
 0.21473864 0.39342321 0.61073811 0.50639722 0.50033466 0.66102324
 0.66719419 0.54948499 0.61022815 0.34555278 0.47709214 0.40102962
 0.34493172 0.63287245 0.72041422 0.3851091  0.41163326 0.68507551
 0.61719408 0.45762493 0.47871253 0.54511564 0.46235931 0.70467882
 0.79651405 0.72670677 0.71295164 0.64326936 0.50667777 0.36361221
 0.58510495 0.66025725 0.50210932 0.64917621 0.68122747 0.83360389
 0.64704161 0.37177798 0.48318045 0.46535115 0.54276558 0.33349552
 0.21072091 0.        ],[0.17607339 0.4158144  0.58199414 0.68826306 0.73222294 0.61954553
 0.59309917 0.5497418  0.44826429 0.36513563 0.47279099 0.44054052
 0.52503591 0.383048   0.28369382 0.37843336 0.50769035 0.49647125
 0.47682313 0.55934285 0.51581605 0.35909172 0.56253724 0.41555517
 0.43298591 0.51821608 0.41865018 0.42085673 0.33982117 0.57782946
 0.56265752 0.37723456 0.37149747 0.5880927  0.61039105 0.45977339
 0.44006408 0.55951187 0.43025908 0.57807867 0.53262326 0.46928937
 0.50762448 0.33440273 0.45605993 0.42165478 0.41574885 0.54199335
 0.41713538 0.46147639 0.60350708 0.29632374 0.3774578  0.47982536
 0.57325231 0.59958456 0.70540867 0.63156855 0.59691073 0.40850181
 0.50073232 0.69285974 0.5970778  0.64885864 0.52136443 0.46293065
 0.66883403 0.61984203 0.4603996  0.66875293 0.77219732 0.80032367
 0.43850984 0.22340134 0.39768286 0.4430322  0.54643134 0.34441928
 0.3002387  0.        ],[0.47600179 0.49286263 0.48480934 0.48651255 0.57965877 0.55931504
 0.41550237 0.51875818 0.35161812 0.25718104 0.35466753 0.27544458
 0.32696216 0.60593887 0.3166757  0.41064065 0.41176503 0.59200194
 0.49986034 0.44299276 0.45590289 0.29069316 0.42120375 0.35951808
 0.53844964 0.68522266 0.66338517 0.68954676 0.58441084 0.61128003
 0.50506762 0.57016567 0.52659554 0.5222116  0.39216165 0.33101248
 0.56326697 0.56776018 0.63771199 0.79507799 0.67277947 0.30702903
 0.29983572 0.28322483 0.40445499 0.68014109 0.7201494  0.73229001
 0.64728197 0.53781116 0.56064285 0.33796405 0.32642253 0.53340826
 0.48513367 0.66910669 0.69244588 0.57526197 0.43721563 0.38306184
 0.25495598 0.5132605  0.5876594  0.59022027 0.48390178 0.63107429
 0.75584729 0.67785329 0.43202924 0.6622813  0.64757242 0.55148158
 0.22254471 0.1738948  0.25068209 0.49227624 0.41081084 0.48578333
 0.41361646 0.        ],[0.61191069 0.24358231 0.3451245  0.66871213 0.54361964 0.65272172
 0.7104776  0.63105726 0.40579121 0.23391106 0.33466236 0.51996533
 0.43112411 0.75762013 0.58998751 0.50698273 0.41139558 0.57694336
 0.60621132 0.45584695 0.59378966 0.29626518 0.38343782 0.29116198
 0.39692492 0.60769195 0.62675167 0.68770188 0.79494539 0.63236886
 0.56034113 0.55537513 0.38873453 0.53777642 0.54376896 0.60156257
 0.78805165 0.70589152 0.52796728 0.63291665 0.46952486 0.50341457
 0.49150335 0.46456305 0.28440005 0.41734155 0.70463668 0.67500493
 0.48967789 0.42683796 0.48876872 0.52801904 0.44188317 0.33637381
 0.4572471  0.53581653 0.5653596  0.66576155 0.34957112 0.51561098
 0.27338559 0.58815037 0.62613888 0.34785133 0.44703674 0.58066444
 0.59509637 0.6534967  0.34807681 0.40433142 0.4609199  0.41414468
 0.33113812 0.25264438 0.35226    0.65124659 0.54072329 0.52158677
 0.12378784 0.        ],[0.22790686 0.28715675 0.51122749 0.78513079 0.76532893 0.74630012
 0.74422902 0.45751793 0.62696789 0.49692514 0.28364951 0.61695126
 0.77208644 0.77170487 0.50036026 0.62278524 0.62021086 0.3915543
 0.49384915 0.40935318 0.43722254 0.38507613 0.59462852 0.56672653
 0.5875333  0.63837429 0.69586773 0.51562747 0.65604287 0.49892804
 0.47888918 0.53707924 0.50460316 0.62920896 0.5773467  0.44484878
 0.5825641  0.46694575 0.43218715 0.52550445 0.66721243 0.70812091
 0.6330699  0.50822994 0.28853031 0.50474939 0.579329   0.41639592
 0.52897506 0.41567629 0.61847331 0.56380711 0.5996623  0.46032098
 0.66031233 0.77453469 0.78449626 0.71309344 0.28315562 0.22487612
 0.27487378 0.39436369 0.71010557 0.49384802 0.39863627 0.71101189
 0.70797767 0.65076996 0.38369087 0.36857032 0.26947112 0.33135952
 0.54562318 0.3278896  0.30513028 0.57259879 0.61964967 0.53409689
 0.16006464 0.        ],[0.37071758 0.32454413 0.47111374 0.72825007 0.74323616 0.47096396
 0.50288021 0.34155577 0.56128278 0.67420612 0.42891566 0.61013852
 0.76128916 0.62260515 0.445896   0.4397235  0.49839115 0.40701965
 0.31814002 0.30007943 0.39705464 0.46993906 0.59403652 0.69301754
 0.71185878 0.45931476 0.49319548 0.60708191 0.66120632 0.42095501
 0.5439451  0.61138213 0.40961627 0.28720856 0.37777972 0.39231422
 0.43689875 0.61268384 0.58835802 0.64299719 0.6591426  0.68486428
 0.58126429 0.66982767 0.52605752 0.58737836 0.55282248 0.40568037
 0.45124447 0.51007601 0.51164167 0.6187048  0.73499926 0.74555081
 0.72769753 0.76334933 0.60036618 0.4993443  0.42968345 0.32342847
 0.42207899 0.54717845 0.68613227 0.34934301 0.50620354 0.64698471
 0.71095257 0.5302192  0.60170696 0.56595091 0.2778474  0.4647198
 0.41714349 0.51522883 0.39279797 0.35961893 0.36548239 0.29878179
 0.3978109  0.        ],[0.4437683  0.53802169 0.55551523 0.52526333 0.58080777 0.74913821
 0.69854369 0.5532674  0.36858265 0.62258363 0.59342949 0.58643778
 0.5778787  0.50687729 0.59320186 0.40505866 0.41243827 0.52554919
 0.36887879 0.58907475 0.58889313 0.74563278 0.76198571 0.57183884
 0.62160298 0.31719464 0.4902471  0.52963782 0.56976281 0.52124529
 0.46804009 0.55471443 0.33970169 0.24003692 0.41186324 0.6066611
 0.42608045 0.3681381  0.25936202 0.38501557 0.63852865 0.45665169
 0.32656693 0.51895701 0.60057383 0.52626377 0.33965613 0.33646211
 0.37897857 0.41576895 0.31101143 0.52076324 0.57404313 0.72843885
 0.66178585 0.69041144 0.48462666 0.40627931 0.3521187  0.24219944
 0.33100563 0.55331926 0.55546123 0.44095344 0.75635423 0.74373664
 0.68420219 0.33864293 0.57772266 0.56187335 0.47958544 0.35321515
 0.49159727 0.62530129 0.65998444 0.63447717 0.48771909 0.28426412
 0.5243352  0.        ],[0.50277922 0.37868773 0.40582338 0.51942737 0.57263099 0.77686686
 0.78921179 0.57485173 0.55948425 0.50707307 0.48326749 0.64852285
 0.61656942 0.47475813 0.48311757 0.46258396 0.47988531 0.485306
 0.39722259 0.50793981 0.46911459 0.68750842 0.84009762 0.67230809
 0.48238555 0.32506537 0.53513856 0.41727373 0.35560335 0.48754466
 0.46929729 0.36290426 0.29187362 0.44742207 0.37301302 0.40872077
 0.51392794 0.3205403  0.23641295 0.55212259 0.6220037  0.6310329
 0.49199072 0.36062318 0.34265569 0.45349933 0.43089075 0.45228507
 0.44854892 0.31081245 0.48649438 0.64690642 0.73281816 0.55231726
 0.41591676 0.60287232 0.51971528 0.3629635  0.30500106 0.1921603
 0.38160826 0.54002397 0.59957044 0.74898299 0.7348105  0.50856704
 0.5481955  0.39540166 0.67871067 0.58654216 0.31406745 0.38707848
 0.46593973 0.55485545 0.46161202 0.44404483 0.3555153  0.27281906
 0.45495358 0.        ],[0.3647039  0.50163693 0.65778353 0.71761746 0.44314328 0.51099684
 0.66073027 0.51587305 0.4792185  0.56386121 0.63216    0.55715065
 0.34593695 0.24544386 0.26036849 0.50518355 0.38476501 0.48117854
 0.4010603  0.62013652 0.59615395 0.48376751 0.70384252 0.47225578
 0.32132388 0.44404212 0.67371902 0.47617793 0.5358816  0.35201155
 0.34255521 0.293922   0.37446779 0.34379405 0.32014441 0.56277967
 0.66036048 0.40491932 0.301793   0.45349751 0.52571929 0.51788296
 0.4173477  0.41792779 0.40418289 0.6068543  0.64320439 0.6887758
 0.59795894 0.39602926 0.59856431 0.42856456 0.68833259 0.72566551
 0.58674725 0.46462826 0.71400317 0.53099787 0.23989497 0.30179076
 0.46147292 0.48322535 0.66868405 0.62521253 0.43892828 0.59867113
 0.48415905 0.56590742 0.52421246 0.55906258 0.34404537 0.53619084
 0.58450297 0.50966248 0.30126039 0.45347127 0.58846671 0.45701747
 0.37782298 0.        ],[0.41244243 0.52948887 0.58861186 0.61613358 0.61125913 0.38611646
 0.41798127 0.31850738 0.21595647 0.28975288 0.58476538 0.42049226
 0.30023596 0.35313862 0.34138651 0.51287131 0.40080567 0.63176491
 0.56028194 0.37933367 0.55871703 0.60635856 0.58224559 0.38407589
 0.31586265 0.37302861 0.63233829 0.61706781 0.55096925 0.30597375
 0.50883284 0.53537034 0.64625501 0.62385123 0.64938288 0.49761982
 0.45293944 0.41417734 0.50104325 0.58770443 0.41973418 0.57340212
 0.29312346 0.30376154 0.34972154 0.4355195  0.32753374 0.33344757
 0.40050693 0.57851115 0.53457229 0.58317238 0.6856186  0.52576167
 0.57308135 0.70448613 0.65551924 0.33733967 0.2950423  0.43234904
 0.41374361 0.49669193 0.44164631 0.36723191 0.26358631 0.47837854
 0.31123601 0.35419273 0.42348694 0.57513652 0.45197813 0.32201339
 0.34855251 0.41637588 0.39356384 0.60894264 0.6047935  0.37683849
 0.37366966 0.        ],[0.35140471 0.53882166 0.52604747 0.40489684 0.39439072 0.23609033
 0.31208742 0.34380801 0.22751827 0.28217447 0.50664971 0.461927
 0.51503289 0.34593637 0.3022124  0.61228585 0.4437189  0.44438189
 0.58189239 0.37259674 0.55259845 0.62072832 0.36015935 0.30427239
 0.46065512 0.5814297  0.52666815 0.68636342 0.56206224 0.40211474
 0.65002765 0.65930392 0.44401563 0.41156416 0.73361259 0.66017919
 0.49959483 0.35192656 0.32270883 0.34438427 0.4548481  0.61083482
 0.39756117 0.41816612 0.48347628 0.5149781  0.47882922 0.61250972
 0.6438564  0.69329976 0.57288479 0.73266723 0.7614502  0.50399367
 0.70826887 0.69884576 0.44903734 0.36622246 0.32811071 0.31163074
 0.51356763 0.64663861 0.59007118 0.42814048 0.42876026 0.55776528
 0.36205041 0.26847816 0.31614693 0.43786459 0.32607278 0.35931925
 0.4034428  0.35150523 0.61090898 0.69468017 0.4933668  0.33180756
 0.27419369 0.        ],[0.27663379 0.66907667 0.63457844 0.3568898  0.37892857 0.43246967
 0.71004332 0.71540441 0.47657079 0.3982074  0.60609644 0.40594482
 0.4402945  0.30998714 0.31254768 0.65506791 0.44280274 0.46015771
 0.4564558  0.50203609 0.34539479 0.54351284 0.2969031  0.26344639
 0.29541769 0.34376833 0.60323112 0.65888686 0.63210944 0.60670264
 0.62909208 0.49805014 0.44030303 0.48000926 0.65612199 0.72258299
 0.33899433 0.28185663 0.22601922 0.3067119  0.30909032 0.50486937
 0.6471731  0.51221477 0.42422292 0.41693048 0.31660257 0.50643243
 0.55291386 0.57743785 0.79600692 0.60009366 0.64088035 0.77048615
 0.66829489 0.56211214 0.70687385 0.67474    0.55606478 0.38547683
 0.57558121 0.33947497 0.28366774 0.53202816 0.60357113 0.50352514
 0.60782039 0.5569706  0.59431489 0.66125034 0.54827183 0.62902601
 0.5443541  0.57504792 0.60449797 0.51285347 0.47178553 0.44291171
 0.169459   0.        ],[0.55840073 0.83173787 0.70683904 0.42092224 0.62982229 0.68140079
 0.70295388 0.65914853 0.53471984 0.35591964 0.43187851 0.6322489
 0.68872882 0.61593579 0.29751039 0.491088   0.47572288 0.49504051
 0.70324586 0.74081064 0.4425937  0.47232262 0.29949213 0.45434692
 0.60681058 0.39740946 0.62843085 0.58294301 0.68413642 0.48572356
 0.43484881 0.39811294 0.29069583 0.2490533  0.37331208 0.63531907
 0.36000172 0.42773436 0.25078265 0.323948   0.3612594  0.56121931
 0.67299549 0.59149498 0.48792183 0.44486898 0.40403702 0.59215317
 0.50983871 0.41890654 0.77232057 0.73697647 0.54168487 0.6337463
 0.62771937 0.61547929 0.7034831  0.59398339 0.53043466 0.35765017
 0.48277503 0.59411597 0.46190379 0.63705852 0.46501535 0.42908498
 0.40539849 0.38206412 0.34771075 0.45144135 0.53701965 0.72019711
 0.59071952 0.62167021 0.66635344 0.49778836 0.49056438 0.59745965
 0.29209253 0.        ],[0.70491854 0.51202805 0.44480437 0.52636296 0.75549503 0.76115995
 0.56543545 0.31090927 0.45976494 0.54458311 0.59718013 0.65388463
 0.70550173 0.64937639 0.44519278 0.34835724 0.33913654 0.57876638
 0.64332186 0.70739006 0.46827519 0.36933489 0.46010678 0.55904264
 0.6525194  0.66197574 0.58004859 0.41072386 0.6479641  0.53898494
 0.45737444 0.29893421 0.29703129 0.18070453 0.3207576  0.59105442
 0.38364253 0.55065043 0.31818578 0.50453873 0.30921752 0.57815398
 0.45784048 0.45267359 0.53861881 0.65505138 0.66371541 0.4305339
 0.58766292 0.67678821 0.74520523 0.80896117 0.4701268  0.44668985
 0.42609098 0.37099312 0.36932718 0.36846946 0.39071746 0.40310771
 0.4728518  0.4642989  0.57979616 0.63020156 0.40529156 0.45393669
 0.61023674 0.53530105 0.33103535 0.45297774 0.62600259 0.70430384
 0.48133109 0.67086544 0.58259962 0.62951088 0.64579181 0.7920842
 0.58505181 0.        ],[1.03786674 0.38338699 0.23654501 0.47183431 0.64124371 0.65441939
 0.57316637 0.23206206 0.29416568 0.34218132 0.47922026 0.39018157
 0.49832421 0.37868648 0.46160625 0.36830684 0.48168793 0.59168499
 0.65836617 0.57243487 0.60901789 0.65220154 0.56074171 0.63994413
 0.44548003 0.73605789 0.66807365 0.53072681 0.73996019 0.70047094
 0.46793621 0.17665586 0.15167972 0.15285513 0.25430833 0.30326023
 0.37842725 0.48999142 0.37772949 0.58859461 0.35478129 0.3591289
 0.32003023 0.47291733 0.61224839 0.53215381 0.52007033 0.4949652
 0.62835625 0.50244256 0.55423088 0.77820651 0.71123373 0.68009847
 0.40533497 0.5446381  0.51988156 0.43536979 0.5940735  0.34046105
 0.49238499 0.3549889  0.56046783 0.67750323 0.57284739 0.5335728
 0.73342834 0.49500533 0.3124727  0.43743116 0.39651385 0.63498171
 0.52508505 0.51610494 0.6332319  0.44142676 0.36921725 0.49978091
 0.51233687 0.        ],[1.07975678 0.61277324 0.53343793 0.66717863 0.47554583 0.37564751
 0.62061595 0.3078501  0.45018403 0.42083823 0.58299968 0.57123531
 0.54101618 0.50651468 0.30609348 0.38542919 0.52584107 0.54120823
 0.38706053 0.43501064 0.66070719 0.55876337 0.48185714 0.75448435
 0.42421287 0.51348442 0.492576   0.64082693 0.6876932  0.56075911
 0.47512081 0.34623387 0.27216983 0.20165888 0.34914348 0.34795925
 0.39646458 0.36767843 0.41610354 0.47418817 0.57378258 0.40799644
 0.32044203 0.48721681 0.58466759 0.30105618 0.34882861 0.54619155
 0.46565686 0.41419032 0.67220492 0.67008275 0.41933533 0.68842443
 0.70673416 0.52750075 0.63531439 0.49425275 0.5260534  0.46817278
 0.70124977 0.5687115  0.64076346 0.49008147 0.55610089 0.72945035
 0.72464205 0.57847056 0.67926747 0.67858976 0.60862866 0.6892856
 0.43475731 0.47090603 0.54926402 0.47587852 0.53119313 0.35703879
 0.26518963 0.        ],[1.08389242 0.48026133 0.31665045 0.45771978 0.44949445 0.36995469
 0.42017697 0.37444798 0.29561754 0.45829753 0.31517879 0.25617505
 0.32332335 0.36705597 0.26785949 0.30509036 0.21889068 0.50215672
 0.58343404 0.59302611 0.7000974  0.60352824 0.61264764 0.76387745
 0.39744781 0.37583271 0.60089411 0.51458856 0.43523889 0.5518204
 0.43702035 0.52156744 0.57951059 0.2205132  0.31032979 0.64227006
 0.5225332  0.58287126 0.58851344 0.57135275 0.35978388 0.29140096
 0.43982743 0.62092836 0.56070457 0.46784582 0.51243369 0.59202927
 0.31442609 0.49851345 0.56886518 0.37724199 0.44371567 0.47335589
 0.58822685 0.31589564 0.36118961 0.59463104 0.65440809 0.72024058
 0.70026534 0.72064568 0.59936081 0.48381971 0.5975543  0.76676865
 0.67020506 0.68958835 0.75195097 0.63245236 0.37882914 0.40788176
 0.49010019 0.32232144 0.40015628 0.6509238  0.5939417  0.59608334
 0.2805467  0.        ],[0.76895193 0.30587566 0.19173915 0.31515936 0.35192775 0.4171542
 0.33894445 0.47754395 0.45818743 0.65537775 0.51457683 0.37709529
 0.22095883 0.27278947 0.36747112 0.2076036  0.14563352 0.40490763
 0.31220227 0.30135059 0.43935298 0.55572489 0.70832632 0.77647615
 0.58964465 0.38601064 0.57631439 0.67425572 0.48277795 0.54791477
 0.54774795 0.63105593 0.53940266 0.29404083 0.29159532 0.59955344
 0.58285362 0.734135   0.76487745 0.7143474  0.35753711 0.26879406
 0.4238406  0.67077504 0.50377808 0.42974393 0.34651064 0.38765941
 0.36850057 0.52131063 0.43503168 0.23785323 0.28076734 0.42306262
 0.55452283 0.37245945 0.35312506 0.52823725 0.68031067 0.48208673
 0.51325975 0.73840385 0.50308715 0.69493472 0.60989819 0.61035108
 0.35383502 0.3398929  0.58916999 0.48400445 0.31826067 0.33801119
 0.58819332 0.48576052 0.37102647 0.50956955 0.50008499 0.59677749
 0.29571486 0.        ],[0.45463573 0.31759635 0.27717748 0.3213638  0.39545021 0.46685203
 0.61191002 0.55357791 0.47058006 0.37165969 0.42692929 0.2826959
 0.11621298 0.22655311 0.33782672 0.33770569 0.32439064 0.2935827
 0.23144618 0.42128211 0.40883106 0.50899934 0.47154604 0.57612835
 0.36505558 0.30116891 0.38227599 0.41225224 0.4549795  0.32119093
 0.36873868 0.37419562 0.55889077 0.63167572 0.3891466  0.33003773
 0.49408917 0.44852306 0.57967416 0.52286608 0.50766273 0.64939995
 0.65286627 0.43314071 0.32933636 0.39098681 0.32887223 0.44339696
 0.37511217 0.31127751 0.3614277  0.38296905 0.46103013 0.51036249
 0.47658182 0.53245063 0.33707833 0.27325723 0.50108339 0.47396263
 0.3781138  0.69184078 0.66503698 0.81864365 0.66936221 0.47539764
 0.44143376 0.28202305 0.31499803 0.27184436 0.51365994 0.49811991
 0.38486022 0.56680601 0.59924327 0.52208148 0.33245741 0.33285959
 0.23023045 0.        ],[0.40989915 0.41084377 0.42830625 0.43500001 0.43046189 0.653158
 0.59688557 0.38684142 0.46510618 0.31011227 0.37413393 0.39278899
 0.21660946 0.324521   0.35329463 0.24750623 0.28954749 0.44342581
 0.36938608 0.56217888 0.50201648 0.59511213 0.35967623 0.50237809
 0.49405087 0.6132342  0.47159904 0.5332447  0.5845165  0.44963001
 0.4403506  0.4072364  0.67366261 0.76796521 0.57662609 0.43809045
 0.55306403 0.5840313  0.58058775 0.47657923 0.50188966 0.59936262
 0.63288    0.33503594 0.4095997  0.55379335 0.37994005 0.59989481
 0.40107404 0.29373855 0.44051533 0.58379274 0.67649289 0.69954665
 0.63846376 0.42317161 0.19625554 0.27843432 0.61462501 0.63144943
 0.36325257 0.49499264 0.58504584 0.66733579 0.47086949 0.39884296
 0.59210246 0.41750308 0.44922582 0.26388365 0.39322565 0.58740177
 0.57193639 0.62103996 0.52328126 0.65741083 0.43940045 0.39430536
 0.23214371 0.        ],[0.94177854 0.59816176 0.54455657 0.61858479 0.42003059 0.51267133
 0.52823473 0.42480201 0.63868604 0.52087976 0.36458439 0.60331897
 0.52657104 0.54565354 0.58841854 0.50055905 0.65557553 0.71717517
 0.60462106 0.49649745 0.37360933 0.60626276 0.57752415 0.31994373
 0.30900894 0.54137592 0.68490309 0.63355829 0.40816037 0.3207741
 0.41122004 0.53746886 0.47028808 0.41727641 0.42562855 0.43754994
 0.58061769 0.65486152 0.40484271 0.33487458 0.40425168 0.58695477
 0.58533923 0.37512569 0.50381925 0.5920375  0.38978812 0.42013925
 0.56547704 0.38539705 0.26742395 0.28316999 0.36907915 0.43113741
 0.55694206 0.43024395 0.31176351 0.34271189 0.33289268 0.42702183
 0.60360939 0.63602535 0.70661858 0.56409289 0.3711673  0.50266388
 0.62047481 0.59975038 0.66496477 0.33240739 0.30915589 0.47086659
 0.52488106 0.38414746 0.33925357 0.55975846 0.33838478 0.3156187
 0.15938033 0.        ],[1.01608643 0.64101742 0.48989645 0.54721215 0.61095558 0.32344968
 0.4811434  0.41432647 0.59900846 0.69565684 0.54859811 0.48531176
 0.38430629 0.38962153 0.62902285 0.65816445 0.64888938 0.77203465
 0.74690219 0.58536097 0.62490873 0.66128345 0.60568911 0.21065058
 0.32650109 0.5807366  0.7040448  0.56437066 0.53284508 0.48764233
 0.60098656 0.63293448 0.45938832 0.27067982 0.33385715 0.38896932
 0.57141015 0.46221061 0.46645722 0.57522544 0.69581152 0.66955998
 0.5237212  0.36489146 0.53075753 0.4992967  0.28713591 0.51023284
 0.55642677 0.32511436 0.3374666  0.57566537 0.5687676  0.36033462
 0.43732921 0.61646128 0.56170001 0.38746685 0.36355621 0.34790187
 0.55598344 0.44204538 0.63540221 0.61033023 0.47086857 0.4097034
 0.3927771  0.35985022 0.62162703 0.55126706 0.54205185 0.46355842
 0.36244583 0.39553346 0.44337841 0.59364152 0.50970582 0.50382301
 0.3840106  0.        ],[0.81854336 0.63711521 0.61224425 0.69967986 0.63003819 0.24696248
 0.48405409 0.62893878 0.52252628 0.35714803 0.42336583 0.37309211
 0.29894976 0.38569648 0.62918646 0.73627616 0.74251625 0.82604322
 0.60614797 0.46610209 0.66150708 0.68274632 0.33729697 0.21992863
 0.500692   0.54372405 0.76584866 0.6870618  0.46880186 0.35094602
 0.34235303 0.43770247 0.29100792 0.31839759 0.31164107 0.29312227
 0.51159212 0.37719108 0.54916369 0.76891808 0.75988515 0.60387097
 0.5070352  0.5656458  0.35464472 0.39228014 0.30610342 0.5757954
 0.68087672 0.46491734 0.31639346 0.40786834 0.45402854 0.51407131
 0.28954707 0.40629432 0.65195955 0.52304456 0.42628948 0.43253008
 0.59150359 0.5813136  0.60284324 0.48407262 0.47086519 0.45935643
 0.43079374 0.43150153 0.54837025 0.41440971 0.61397171 0.3438774
 0.33663372 0.52628686 0.42401756 0.65875666 0.78270796 0.65668799
 0.44542724 0.        ],[0.55713224 0.68902715 0.68552763 0.60709593 0.57401135 0.43610819
 0.68909531 0.64576412 0.51543651 0.34164344 0.46968819 0.44221223
 0.57940844 0.61758259 0.60743837 0.69753762 0.70325672 0.77129014
 0.61416913 0.72261884 0.58801764 0.55784338 0.43394225 0.26380128
 0.31524996 0.49222863 0.65170734 0.60143326 0.46714024 0.34724401
 0.4095664  0.48611421 0.36684865 0.4096205  0.56885788 0.44481767
 0.53521104 0.35448833 0.47228489 0.7057552  0.63841784 0.43960109
 0.41652753 0.4662953  0.43388005 0.42207723 0.33143307 0.32350684
 0.4444286  0.62819691 0.57112468 0.64420147 0.48998408 0.59710923
 0.37605724 0.3895277  0.66902001 0.57780242 0.4259064  0.5408872
 0.37725935 0.57651983 0.57067902 0.54990109 0.28963002 0.35374229
 0.27633467 0.3548184  0.55607021 0.33195648 0.45485475 0.48728933
 0.29747576 0.2882953  0.53447388 0.72846607 0.73648209 0.39727958
 0.0851675  0.        ],[0.23091983 0.56425385 0.7211152  0.71109531 0.5983034  0.55992744
 0.62291619 0.77608994 0.59754697 0.30857099 0.45668238 0.61149171
 0.70467833 0.53927904 0.34005472 0.46351181 0.54581129 0.76890098
 0.58852366 0.74704756 0.64259571 0.32527494 0.41475484 0.63785513
 0.43354762 0.53369116 0.59447159 0.39128839 0.36269442 0.67060049
 0.45605069 0.43526879 0.37831971 0.56401076 0.69770034 0.5149926
 0.55980146 0.60392963 0.58850743 0.54264743 0.52658096 0.71109227
 0.68335793 0.73709351 0.55611846 0.47673951 0.5700225  0.43211242
 0.51581019 0.58179956 0.42257248 0.58563768 0.61772584 0.52131545
 0.29762376 0.43135799 0.51891492 0.48430401 0.47891194 0.52896423
 0.43302333 0.61037685 0.61763584 0.52887418 0.33222324 0.30405794
 0.30727342 0.35155334 0.55919122 0.61180068 0.53025429 0.6098893
 0.33422673 0.31705267 0.70515478 0.64526122 0.66577257 0.62141883
 0.08648449 0.        ],[0.48427641 0.38714422 0.32553007 0.28870873 0.31501778 0.50108116
 0.41912755 0.71630789 0.50919434 0.43374984 0.39396398 0.5915778
 0.48976239 0.59897764 0.41280261 0.29112569 0.32828378 0.63996212
 0.76016457 0.68719493 0.68239251 0.32942244 0.44591377 0.71667058
 0.71060266 0.5654532  0.37195263 0.39442881 0.45588727 0.68009272
 0.57045029 0.60446074 0.42074203 0.45179002 0.49491302 0.4572291
 0.56226559 0.60415783 0.4043766  0.49827205 0.48091638 0.70932066
 0.76605626 0.63858782 0.53242117 0.40631768 0.3706234  0.50908335
 0.67667142 0.44101376 0.331827   0.68950437 0.66971745 0.70362688
 0.37004123 0.62037859 0.63479207 0.4108854  0.25790323 0.39872117
 0.37920298 0.43782673 0.45758398 0.60428583 0.59435931 0.39623251
 0.5498132  0.47475548 0.28629968 0.40998243 0.59760139 0.65213169
 0.43732628 0.48425275 0.75062942 0.73674369 0.5547184  0.61284044
 0.09242346 0.        ],[0.94043038 0.56375565 0.44647804 0.48182592 0.42759153 0.57959362
 0.4209416  0.45293386 0.43407226 0.52812871 0.47680927 0.41984869
 0.5389837  0.75841012 0.72162405 0.61270587 0.34322393 0.44891803
 0.65371473 0.53241103 0.60523327 0.34654918 0.35048142 0.54537006
 0.65396144 0.5905495  0.37443385 0.57069298 0.60207596 0.41978399
 0.40779602 0.45877678 0.30393635 0.43840549 0.3553738  0.52636432
 0.54809313 0.61848913 0.61154976 0.51377518 0.60948698 0.46701002
 0.66647858 0.5034445  0.52007899 0.28754746 0.31723592 0.36640267
 0.48221996 0.43912645 0.31818283 0.55117621 0.43526948 0.61629567
 0.53730567 0.58293103 0.39901082 0.48225728 0.378941   0.35499292
 0.47843727 0.44758877 0.72509162 0.67090056 0.42796045 0.3487179
 0.56681614 0.31304851 0.15927203 0.3754093  0.33472016 0.55527776
 0.69079329 0.52674779 0.5843086  0.62593573 0.39099453 0.53751624
 0.2464386  0.        ],[0.39000849 0.39305967 0.44634748 0.53712209 0.55879203 0.44368909
 0.6341724  0.49913156 0.48922816 0.40256575 0.48694923 0.29518506
 0.52572933 0.64650237 0.58026958 0.67579815 0.62407867 0.47954565
 0.52566109 0.47428328 0.69485655 0.62521352 0.42752912 0.35445268
 0.58186416 0.55905859 0.32296113 0.41207201 0.38580029 0.3189187
 0.5887723  0.60990009 0.2125625  0.19438881 0.30948116 0.45844777
 0.50416459 0.64669373 0.60220934 0.43568729 0.58397055 0.51737356
 0.66175642 0.38576955 0.43960539 0.33087442 0.53504822 0.33270548
 0.27543248 0.44729732 0.34846865 0.33113169 0.45318322 0.47274173
 0.56059346 0.67420875 0.41296487 0.45428312 0.54168199 0.33794441
 0.52102464 0.64359765 0.76867483 0.63358655 0.56678217 0.49141414
 0.59942169 0.43540298 0.20282062 0.49007315 0.40499861 0.54169635
 0.59674084 0.4674283  0.43237221 0.40453466 0.4043909  0.42950466
 0.29244438 0.        ],[0.46767951 0.59424892 0.67552098 0.71705385 0.74391223 0.77123804
 0.68905913 0.50083087 0.60436174 0.48960076 0.43635065 0.28602792
 0.54937528 0.56715206 0.51358227 0.59937107 0.62259805 0.40696459
 0.30397743 0.28719776 0.50990488 0.57339695 0.51322022 0.4734267
 0.43044202 0.44293019 0.31371143 0.34917647 0.53891053 0.50235742
 0.76144451 0.64214871 0.29709359 0.45642214 0.46602637 0.40250661
 0.57513472 0.41620124 0.56110056 0.69457726 0.71352999 0.47533318
 0.67830684 0.49837658 0.53722013 0.50124127 0.67393071 0.36040963
 0.34187905 0.62878239 0.55210791 0.39205559 0.61411681 0.58608919
 0.40511113 0.40887961 0.51964279 0.36975469 0.35162047 0.29368835
 0.54052159 0.56426905 0.55450768 0.51819885 0.63175269 0.40890101
 0.61785644 0.49746759 0.40307676 0.53760759 0.34164598 0.47272586
 0.40966043 0.28074063 0.62999652 0.57032797 0.53639727 0.43861797
 0.36154758 0.        ],[0.24481924 0.48884378 0.54633306 0.47200009 0.51793566 0.75498969
 0.64370366 0.66663837 0.58426826 0.56004313 0.36301579 0.25898739
 0.39501905 0.31095534 0.32436941 0.50928538 0.56963164 0.43127044
 0.46406919 0.47998212 0.5621633  0.61980353 0.39389209 0.51906968
 0.61075347 0.60023722 0.5421635  0.52467011 0.52230119 0.5146819
 0.72328024 0.67376037 0.57072131 0.60538442 0.53643856 0.58777061
 0.48498946 0.52408429 0.62689376 0.58618678 0.70192257 0.67174242
 0.62047838 0.44080609 0.65709916 0.55851437 0.65352654 0.54467697
 0.45546781 0.58535532 0.45950891 0.49171783 0.51371852 0.43099886
 0.59287289 0.4567049  0.55700491 0.38231377 0.37213431 0.23232261
 0.32634595 0.5156782  0.49579106 0.69228387 0.70012444 0.52528881
 0.65984853 0.53164181 0.60710658 0.57361187 0.25557585 0.25167646
 0.2856866  0.35609656 0.72075975 0.624033   0.70968802 0.5408388
 0.29529073 0.        ],[0.30879536 0.32073696 0.32750921 0.34515297 0.46392033 0.61047548
 0.33195815 0.46375154 0.59517525 0.6395381  0.59883373 0.49104227
 0.37514198 0.38907277 0.25163541 0.22990435 0.42520715 0.43870762
 0.38990101 0.61848571 0.62476593 0.4685241  0.33889365 0.63229
 0.63951011 0.39146967 0.54505778 0.68401161 0.67324143 0.66538078
 0.71142221 0.39669094 0.47906691 0.42889018 0.45416889 0.49215013
 0.57813307 0.43462977 0.38303299 0.67567542 0.57190006 0.51189262
 0.73855978 0.68745758 0.64497888 0.33841956 0.45165391 0.46714464
 0.31925265 0.50391284 0.63380803 0.3628058  0.56925058 0.6380878
 0.73396223 0.61570923 0.62459135 0.6895651  0.60588157 0.26705572
 0.40706633 0.64386237 0.64572593 0.66295564 0.63958079 0.59738593
 0.52901693 0.5024485  0.68974161 0.62482157 0.28991032 0.32723361
 0.58454524 0.75543977 0.78706561 0.59060352 0.61630147 0.51426317
 0.40175405 0.        ],[0.66983841 0.42783963 0.29161186 0.2750091  0.41128192 0.50714729
 0.39177675 0.45284081 0.36558897 0.47321236 0.62953238 0.59160993
 0.60842517 0.6113623  0.52872788 0.34209395 0.56773355 0.48519607
 0.54587221 0.68065227 0.4742282  0.50332112 0.33108703 0.40318556
 0.42044296 0.3159808  0.51337042 0.73331102 0.50768027 0.46284469
 0.52453154 0.49356849 0.64113099 0.59918021 0.47833714 0.25682594
 0.28001911 0.33952172 0.50910203 0.67411845 0.48532164 0.64944083
 0.59465329 0.59046146 0.35475724 0.38168111 0.62397193 0.55403704
 0.40303386 0.49511273 0.59334853 0.36978256 0.56167299 0.44193602
 0.51280959 0.67131082 0.83848477 0.7874854  0.67119793 0.28886339
 0.25168833 0.35880331 0.35332534 0.43797854 0.37088178 0.413795
 0.51889623 0.29314303 0.34407749 0.45372829 0.47010753 0.44047098
 0.68639038 0.68937675 0.67355336 0.44491202 0.32768039 0.51830673
 0.51561117 0.        ],[0.80225437 0.42267898 0.38951202 0.5243485  0.34415188 0.3453721
 0.40749426 0.55409117 0.45682281 0.42717798 0.6556609  0.74890966
 0.73210528 0.51054416 0.32618444 0.53153769 0.44589441 0.33717897
 0.55691359 0.65943714 0.43754902 0.63665889 0.45226588 0.49028848
 0.40690708 0.30783983 0.3590447  0.72280415 0.70697833 0.4961767
 0.38434686 0.48575752 0.60585621 0.33398795 0.34777528 0.23163984
 0.29486217 0.51213353 0.49374982 0.60219166 0.51269484 0.44050029
 0.39911177 0.35716804 0.16583476 0.34871694 0.57092106 0.64670742
 0.57659815 0.29718755 0.21690707 0.3524392  0.33564995 0.37881436
 0.39700674 0.42952785 0.71164054 0.51148758 0.58278682 0.25844057
 0.31733805 0.60525707 0.50066246 0.48832012 0.47184475 0.58954867
 0.48178867 0.23581444 0.51116427 0.30346202 0.24733479 0.39395533
 0.62324556 0.51810153 0.50526899 0.68792464 0.3983663  0.29739076
 0.21606948 0.        ],[0.45148145 0.48159319 0.62916825 0.76117829 0.5191013  0.41067422
 0.52050668 0.49899377 0.320802   0.55448299 0.66733238 0.74043997
 0.67531166 0.47213526 0.32866364 0.51026981 0.55121624 0.34345879
 0.42859427 0.50436809 0.26608142 0.31780239 0.32769304 0.54409239
 0.59689539 0.47365798 0.32686788 0.4440306  0.43743249 0.50269365
 0.46747539 0.34242039 0.50452906 0.42701925 0.54002168 0.48109648
 0.26878791 0.50897996 0.66573856 0.67457668 0.47130009 0.34121572
 0.51169247 0.40590167 0.27439469 0.47780401 0.53549967 0.35701128
 0.37365515 0.31160775 0.16655243 0.20357994 0.37830805 0.28605873
 0.40579279 0.63488531 0.73494105 0.65974849 0.3803379  0.36696401
 0.5040515  0.56670246 0.55251391 0.42593178 0.31345746 0.59630574
 0.28422895 0.17362348 0.3615602  0.37157404 0.3344074  0.6297233
 0.69383226 0.66464773 0.45204119 0.67812425 0.53183944 0.36784702
 0.37550006 0.        ],[0.71111423 0.48783764 0.54430515 0.72533066 0.56674242 0.40339496
 0.32481608 0.29894533 0.230028   0.36998561 0.63175096 0.76121768
 0.48693114 0.49517039 0.5133717  0.51159413 0.51266363 0.40430845
 0.42276614 0.3605909  0.15649303 0.23301279 0.39510845 0.30864675
 0.37395189 0.49288438 0.70442918 0.69196331 0.53919059 0.65197414
 0.52249283 0.34059004 0.40660263 0.40320518 0.47555402 0.54878408
 0.34175098 0.40132211 0.67560477 0.75227477 0.47299102 0.39459582
 0.40734148 0.3724911  0.33738298 0.50846101 0.61648187 0.38700373
 0.65385966 0.587567   0.28055853 0.25791408 0.57489347 0.31769094
 0.43425701 0.4732196  0.68636386 0.74555634 0.48012133 0.44078761
 0.36782486 0.45866494 0.44618821 0.4636241  0.46252447 0.51829088
 0.31564919 0.22004699 0.43445361 0.62729277 0.60997062 0.64116044
 0.73327656 0.55467071 0.30328796 0.47047079 0.55908727 0.69869594
 0.45769153 0.        ],[0.72095522 0.70586722 0.76171803 0.82339416 0.65442065 0.36964474
 0.34506489 0.33490324 0.41987277 0.41875631 0.4166138  0.73322407
 0.5062803  0.67801745 0.5597355  0.28382319 0.29787541 0.53609319
 0.53789338 0.46571467 0.28881303 0.36317759 0.48796095 0.48405246
 0.52963415 0.70181344 0.80427888 0.72270041 0.55005661 0.60730843
 0.35309467 0.28703089 0.38271528 0.50359838 0.45020387 0.63754926
 0.51423336 0.43173928 0.42262312 0.68872652 0.72107811 0.65081661
 0.6311374  0.5262605  0.73220367 0.70135843 0.6971504  0.70611621
 0.7199849  0.54288021 0.31705557 0.46003617 0.55753691 0.23283891
 0.24578723 0.53805951 0.67104675 0.62082894 0.55987696 0.59382975
 0.66877479 0.58701665 0.64340889 0.66018495 0.69887716 0.58952996
 0.52262669 0.60416412 0.69117974 0.64603537 0.59764145 0.68617569
 0.69153097 0.53486844 0.37758977 0.64867353 0.67942475 0.69791084
 0.51702985 0.        ],[0.83574292 0.65824154 0.61547445 0.66459204 0.64495083 0.55078316
 0.54105611 0.44972765 0.26782304 0.2713252  0.42928898 0.81703351
 0.80080448 0.74349021 0.45528677 0.2123007  0.29518621 0.32835889
 0.51099618 0.57579276 0.51398221 0.37818697 0.49208736 0.47282025
 0.67322047 0.48233903 0.34711001 0.46202307 0.57861526 0.67033493
 0.58512506 0.48764866 0.43545607 0.62211938 0.54034751 0.4183857
 0.49888595 0.35705345 0.62335694 0.59486115 0.48869183 0.74382219
 0.70959678 0.5189087  0.79958651 0.80975499 0.71980446 0.59288741
 0.49081997 0.35765275 0.47935341 0.55486881 0.65299318 0.41424133
 0.26525113 0.55165806 0.52741495 0.41710451 0.40289882 0.42396863
 0.5351692  0.50322953 0.72905991 0.62984273 0.62786295 0.44823921
 0.4350064  0.71552358 0.79085066 0.71799945 0.47401965 0.6563242
 0.48970629 0.42775107 0.45665954 0.60272956 0.52402528 0.48705068
 0.4219724  0.        ],[0.45635093 0.46036413 0.52944526 0.60733375 0.56000921 0.55715248
 0.36256253 0.34214144 0.50173471 0.3265131  0.50197665 0.76482659
 0.6877043  0.58665179 0.37061197 0.15964922 0.19048441 0.25556095
 0.48873595 0.60566172 0.36650384 0.4423703  0.45332709 0.51993959
 0.63783008 0.46310524 0.30860637 0.35597684 0.36753943 0.64817182
 0.68648935 0.67210992 0.59346217 0.58325907 0.29688396 0.38260636
 0.37019423 0.31331781 0.61313597 0.55622966 0.38483719 0.53767885
 0.57770678 0.49899365 0.73549046 0.81636934 0.77531702 0.65456575
 0.34975503 0.28571158 0.41368627 0.33025543 0.35993496 0.6099466
 0.54279794 0.53963399 0.53099569 0.57254371 0.46521361 0.33800934
 0.6110942  0.63372673 0.77536318 0.81487337 0.72972193 0.71202894
 0.64960065 0.55698909 0.54395268 0.53137222 0.36335427 0.51547763
 0.43589174 0.41864018 0.6208605  0.6810063  0.68161067 0.58615107
 0.30665689 0.        ],[0.38568066 0.54149526 0.54089415 0.39991871 0.23376191 0.26346486
 0.31623712 0.45053968 0.54363518 0.31165506 0.33212648 0.49761002
 0.4158013  0.61249111 0.33858966 0.23710923 0.23540812 0.52031904
 0.50780678 0.40823897 0.38572674 0.25637844 0.15388202 0.31511828
 0.39354429 0.44507355 0.35993681 0.51003819 0.48913562 0.64592441
 0.64130267 0.71059207 0.39874226 0.33584553 0.27216487 0.50890408
 0.50185968 0.3101574  0.52099443 0.64899947 0.33483486 0.39198752
 0.62336868 0.61700596 0.72756066 0.78147059 0.58171771 0.3301149
 0.29182747 0.22876306 0.286098   0.40839411 0.28062326 0.58015823
 0.65832509 0.37171122 0.39147814 0.60074125 0.49740636 0.30610601
 0.40238858 0.57045501 0.49733919 0.69065114 0.7072853  0.52061032
 0.66363032 0.67694906 0.5319897  0.55508368 0.59422881 0.50294161
 0.62887405 0.64014628 0.48525347 0.41809159 0.62925753 0.55666614
 0.45073517 0.        ],[0.41931657 0.44748018 0.38130513 0.28793593 0.32931639 0.28979985
 0.40865611 0.48271837 0.35723577 0.24433228 0.42959922 0.48405597
 0.41230467 0.59953832 0.47302315 0.62446841 0.43654095 0.53912321
 0.58857615 0.4738768  0.56507334 0.2587434  0.20173987 0.56952343
 0.5515715  0.61299437 0.4721163  0.51560178 0.43988348 0.64059354
 0.57457385 0.69056619 0.63547502 0.58720685 0.62587142 0.64757636
 0.53647505 0.28772118 0.47264368 0.61076747 0.45185346 0.40872528
 0.59630071 0.41831558 0.47964482 0.45923742 0.4123684  0.32418201
 0.42224524 0.36169671 0.21966291 0.22515561 0.32938882 0.52954184
 0.61558342 0.44922892 0.44711641 0.73569694 0.69360742 0.52378533
 0.59204713 0.70420194 0.64294772 0.40886102 0.62408227 0.58724415
 0.7221078  0.81298576 0.69720557 0.55773637 0.51818611 0.35558602
 0.26952447 0.43850513 0.47100595 0.53988558 0.56610779 0.56657213
 0.45444002 0.        ],[1.04228245 0.46195273 0.33678803 0.47721164 0.33974886 0.33981638
 0.43399683 0.55270479 0.54493128 0.28593092 0.29554495 0.48305741
 0.44989076 0.38810168 0.48307959 0.7507485  0.61734263 0.59080567
 0.41718355 0.37570145 0.43102527 0.59814364 0.34750882 0.57718682
 0.42986168 0.42493205 0.40648937 0.46159085 0.27696723 0.4486611
 0.3453145  0.44116645 0.50522477 0.55288907 0.45750952 0.4115252
 0.56165553 0.47657328 0.61897261 0.42665855 0.30077464 0.40578602
 0.55032738 0.41440542 0.2898894  0.38892335 0.56294386 0.39489036
 0.5932889  0.35602488 0.19718492 0.33017293 0.45060492 0.40085968
 0.35781839 0.51618987 0.51061395 0.77069707 0.69217797 0.38023216
 0.58597321 0.69706051 0.64691634 0.50764893 0.69656219 0.6413997
 0.50167267 0.64117065 0.44482558 0.39240453 0.46056702 0.37444274
 0.20124111 0.21440429 0.37238664 0.49787085 0.31083895 0.34863393
 0.34198825 0.        ],[0.90236868 0.70285732 0.4968273  0.38402087 0.57113827 0.49639377
 0.36653195 0.33881203 0.55551513 0.38491802 0.48967205 0.53783393
 0.71443246 0.49442877 0.57432575 0.53575513 0.44727277 0.76155645
 0.60148372 0.29678064 0.53878675 0.71181879 0.32110508 0.31871845
 0.58449693 0.56394628 0.37255856 0.574636   0.43928219 0.50896476
 0.39495039 0.32861613 0.2753768  0.39307443 0.38635704 0.30700867
 0.36441921 0.56219002 0.70547233 0.34888611 0.21459158 0.31968677
 0.62758552 0.52896637 0.50797258 0.61877245 0.40881225 0.42388906
 0.47971915 0.42634353 0.36677484 0.63867475 0.75822013 0.5698008
 0.3490503  0.50232989 0.5515722  0.63299834 0.58621005 0.32196382
 0.54574953 0.60179822 0.70447316 0.73863936 0.60719556 0.44894102
 0.6336846  0.66293094 0.62370164 0.47842056 0.66244779 0.39590726
 0.31585916 0.24407415 0.34367206 0.30057125 0.34042427 0.32664271
 0.26058963 0.        ],[0.56788287 0.62022758 0.52822305 0.39378504 0.53146739 0.6354827
 0.41095738 0.46177438 0.64641861 0.42891269 0.40922907 0.32191344
 0.58490749 0.51967606 0.47134589 0.39280793 0.51363362 0.69672084
 0.53863437 0.28264664 0.49143447 0.64011433 0.3414419  0.30465092
 0.65313389 0.42828517 0.40002993 0.60092081 0.67081789 0.53523966
 0.53520761 0.51597731 0.33265205 0.35145048 0.46088482 0.57234354
 0.53188464 0.6031319  0.66569626 0.53573524 0.30484595 0.24341892
 0.55044008 0.71829398 0.78834566 0.61212575 0.44628666 0.38505515
 0.6379184  0.59632464 0.46665333 0.52316213 0.57239006 0.53200845
 0.35926267 0.57716553 0.44949265 0.28079527 0.32573068 0.35049218
 0.61350094 0.50654862 0.5069918  0.66409242 0.45064268 0.51881834
 0.50345563 0.29041593 0.22918254 0.32229409 0.58565094 0.35266931
 0.28033593 0.34804939 0.46563657 0.37475797 0.60727764 0.45802534
 0.29901048 0.        ],[1.05170811 0.62695668 0.57890721 0.78425434 0.78549481 0.52883886
 0.40116178 0.5034891  0.59493495 0.52178224 0.51595544 0.45002831
 0.31631685 0.50413034 0.53157394 0.36982377 0.61755472 0.57812427
 0.41907047 0.35331144 0.60500383 0.60079445 0.38342366 0.47018937
 0.63069046 0.48411044 0.30383612 0.4187429  0.5959456  0.44047194
 0.39375244 0.29619712 0.3906704  0.53778308 0.34574433 0.3490011
 0.32641521 0.28390169 0.36249241 0.56172105 0.37936938 0.363012
 0.44437828 0.60063409 0.64586452 0.38603305 0.41719158 0.56923946
 0.58987375 0.59316129 0.60753717 0.57588604 0.45232511 0.38381227
 0.51874597 0.73739648 0.63430575 0.45253743 0.31291183 0.43966055
 0.53123134 0.40610756 0.57664702 0.69916258 0.38337407 0.35213603
 0.41321206 0.44342752 0.32113641 0.49153628 0.49125815 0.33338432
 0.50660713 0.4730761  0.49692008 0.42741167 0.60446252 0.54010752
 0.2867247  0.        ],[1.10962329 0.73711997 0.67557806 0.82994002 0.88010921 0.80981951
 0.59055057 0.39810389 0.4336233  0.56482578 0.36737823 0.27866089
 0.23446257 0.44192335 0.3531422  0.36622523 0.65225619 0.60500779
 0.52899374 0.58808962 0.38823461 0.22885052 0.35474111 0.63953856
 0.55424173 0.37440191 0.38877126 0.62028035 0.37356822 0.30838467
 0.5354725  0.49162082 0.30400586 0.47325356 0.43987375 0.5027991
 0.47792266 0.30210965 0.58165052 0.64693456 0.59890028 0.50509017
 0.48349601 0.36876966 0.4448273  0.32221647 0.44884909 0.52651208
 0.51142279 0.47429026 0.43899067 0.6488563  0.59803101 0.5096758
 0.33612187 0.39366004 0.44735518 0.44695968 0.35041254 0.50917357
 0.45138163 0.40468716 0.36664647 0.54953559 0.3728805  0.61032585
 0.61774128 0.5703138  0.33554608 0.32853311 0.57300217 0.43075444
 0.42820376 0.49617299 0.31339382 0.38428475 0.62966914 0.59185979
 0.2898715  0.        ],[0.6622656  0.55243751 0.55070863 0.60995056 0.62540359 0.74035471
 0.72846054 0.76087726 0.65747909 0.51982265 0.39042798 0.47922796
 0.30808187 0.37275077 0.52943031 0.70056566 0.766214   0.72946524
 0.59785155 0.45788183 0.47777369 0.34879821 0.41394638 0.37116718
 0.40328152 0.63243036 0.48914079 0.66830664 0.33177904 0.27914957
 0.66848353 0.65951895 0.39141127 0.28167688 0.36345435 0.63131897
 0.73287685 0.60024605 0.46554816 0.59355052 0.55510673 0.55168404
 0.39548275 0.42128782 0.43772579 0.30622244 0.4559708  0.37199764
 0.37432596 0.46365634 0.33292229 0.40791642 0.66554106 0.50372321
 0.50166456 0.32037244 0.59717317 0.48556349 0.30921758 0.66884752
 0.5983785  0.43986615 0.27576505 0.39240694 0.46314606 0.61145753
 0.52267966 0.35300776 0.3784573  0.37631438 0.44586293 0.57428025
 0.56115093 0.70447541 0.58610563 0.62101102 0.61241011 0.60039194
 0.33929836 0.        ],[0.30963952 0.56994168 0.69665712 0.67753172 0.52140286 0.52100479
 0.71657936 0.7039308  0.39372757 0.33423341 0.25489515 0.37903432
 0.54416448 0.35000361 0.60593915 0.67937095 0.69626811 0.44459702
 0.3864709  0.334332   0.48360277 0.67346941 0.57137419 0.62620425
 0.50422582 0.77997394 0.68391862 0.53463082 0.41303739 0.3888678
 0.52563414 0.36522617 0.32450659 0.40659938 0.51276079 0.45043324
 0.60526098 0.76602817 0.62566905 0.50399821 0.55699597 0.55576624
 0.42643229 0.36008983 0.4608082  0.6095502  0.63493618 0.4930524
 0.56925181 0.63212034 0.66652811 0.40244414 0.50072729 0.65892198
 0.53852087 0.35224736 0.62077659 0.57588198 0.37773588 0.40315132
 0.35593919 0.39272953 0.39389455 0.41907028 0.34747355 0.38509252
 0.60344737 0.27367539 0.23149903 0.46484601 0.25768312 0.3427543
 0.58557318 0.60431111 0.74045572 0.68088197 0.69971208 0.49148527
 0.49594997 0.        ],[0.61123459 0.65916209 0.58207666 0.46648914 0.53860994 0.52676143
 0.54956606 0.51819534 0.39932261 0.40552301 0.41206782 0.59685915
 0.58000941 0.59200687 0.54573895 0.49073042 0.54463835 0.31581789
 0.37416248 0.40920742 0.36378401 0.64272572 0.6708994  0.78348182
 0.58293559 0.63268474 0.57308722 0.45385447 0.34642924 0.40531903
 0.59824704 0.43983193 0.49781829 0.40871331 0.42758696 0.51052678
 0.73423187 0.71133755 0.52811661 0.44807988 0.53391564 0.53939923
 0.40706444 0.49285539 0.48118139 0.6490971  0.52022051 0.47047145
 0.48461656 0.37073433 0.54848169 0.44657376 0.48338347 0.61158772
 0.62535774 0.51338359 0.45678047 0.55268617 0.53997942 0.41120127
 0.52215463 0.62872657 0.46752979 0.48506672 0.52298199 0.55444465
 0.50456142 0.31370023 0.21441235 0.54109331 0.58621205 0.70344334
 0.62930594 0.4480478  0.70898615 0.46629599 0.61916932 0.43422179
 0.40969909 0.        ],[0. 0. 0. 0. 0. 0. 0. 0. 0. 0. 0. 0. 0. 0. 0. 0. 0. 0. 0. 0. 0. 0. 0. 0.
 0. 0. 0. 0. 0. 0. 0. 0. 0. 0. 0. 0. 0. 0. 0. 0. 0. 0. 0. 0. 0. 0. 0. 0.
 0. 0. 0. 0. 0. 0. 0. 0. 0. 0. 0. 0. 0. 0. 0. 0. 0. 0. 0. 0. 0. 0. 0. 0.
 0. 0. 0. 0. 0. 0. 0. 0.],