[ 0.50458244  0.2305896   0.38898223  0.78433413  0.6219148  -0.02280785
  0.56535745  1.41660425  1.32375116  0.86317975  0.38244059  0.15716675
  0.29832996  0.34958295  0.39442188 -0.00802657  0.45786438 -0.00679229
  0.29905329  0.19690601  0.05955253  0.14135286  0.33773701  1.13365773
  0.88805026  0.1897254   0.53963316  0.23969102  0.49160579 -0.00513885
 -0.15131051  0.20791816  0.45264523  0.39267159  0.7783246   0.62353594
  0.10534827  0.72351216  0.71981006 -0.25587096 -0.38275534  0.11036945
  0.65330664  0.92364276  1.08505095  0.70516834  0.9072222   0.99657504
  0.69559216  0.66584265  0.40213383  0.02570163  0.03564039  0.79145191
  0.15104936  0.23072478  0.30214622  0.24886115  0.52000833  0.08545593
 -0.18133895  0.08658525  0.31190294 -0.02619913  0.55972726  0.48195265
  0.221066    0.15670642  0.61948602  0.66947424  0.58613147 -0.003718
  0.45756368  1.00764568  0.88162786  0.53293038  0.60540998  1.12241748
  0.95966816  0.        ],[0.62928546 0.60380175 0.6388089  0.71766046 0.67257499 0.31708258
 0.4055165  0.54631138 0.71517149 0.40571435 0.38593824 0.48466819
 0.46222495 0.47255963 0.37622222 0.36484794 0.33460063 0.36904518
 0.68658733 0.71208776 0.66562354 0.59674023 0.39476329 0.61902095
 0.8123631  0.70347067 0.51317685 0.46812371 0.38682691 0.37663923
 0.59038782 0.51734954 0.57962598 0.71397929 0.70514986 0.76749956
 0.45880617 0.54849366 0.32716542 0.37888959 0.40362839 0.25195185
 0.45640391 0.35493329 0.35376657 0.37222687 0.44302111 0.3747972
 0.39529975 0.6264267  0.64810773 0.44791489 0.51582751 0.60852609
 0.50605377 0.43005345 0.51727893 0.45722719 0.6162455  0.54636233
 0.58859666 0.44981296 0.55062011 0.43407395 0.59817781 0.47617888
 0.36539675 0.41837598 0.41611454 0.54507421 0.5466639  0.34746885
 0.3477834  0.45346568 0.64943477 0.41441361 0.23999418 0.36106156
 0.49657203 0.        ],[0.57321585 0.68883037 0.76143057 0.8000935  0.74772973 0.41935797
 0.30467686 0.35064938 0.49751498 0.28480176 0.47569903 0.46267808
 0.40438141 0.52238411 0.40994072 0.52734569 0.41501839 0.52699276
 0.68320233 0.68969766 0.69341894 0.63384716 0.38178978 0.43351048
 0.72298091 0.81598893 0.51453877 0.45830606 0.46320069 0.65855483
 0.8325297  0.73243658 0.69731489 0.72485382 0.64358076 0.6497632
 0.56682675 0.42385408 0.27664751 0.55519605 0.58738007 0.3912202
 0.51887978 0.23723964 0.18079009 0.27392066 0.33334739 0.20668555
 0.45630767 0.52395935 0.59196469 0.58974892 0.69868551 0.50060575
 0.54276497 0.42110766 0.53042409 0.4730732  0.51579482 0.60959606
 0.64482701 0.48607626 0.45642757 0.49772406 0.56973833 0.5881066
 0.53323739 0.48829048 0.38703776 0.60834666 0.60866289 0.53803642
 0.37474103 0.42215456 0.57943345 0.34232663 0.22347669 0.22175156
 0.30873592 0.        ],[0.49051181 0.56960406 0.71630492 0.87695814 0.78327121 0.34330065
 0.28685661 0.54079471 0.5650565  0.41249478 0.5650207  0.26256163
 0.22746888 0.51696998 0.46850052 0.51951386 0.5322196  0.48061097
 0.45136206 0.32483275 0.30827546 0.4060537  0.38234782 0.49753789
 0.59411661 0.62249179 0.48687133 0.2900206  0.59149318 0.80056768
 0.73829301 0.86148309 0.84323414 0.62072415 0.60192987 0.39168202
 0.46070393 0.37017134 0.43648542 0.4211817  0.39636222 0.45826816
 0.66389684 0.41205829 0.40319743 0.35391678 0.47641983 0.37443833
 0.65042315 0.42816923 0.39285729 0.58910154 0.67926775 0.5291747
 0.43911296 0.30715544 0.44140385 0.38720151 0.37701868 0.44295689
 0.2594706  0.31684658 0.20214882 0.28901988 0.45074854 0.6568124
 0.60202755 0.44896296 0.52661577 0.77513626 0.75615888 0.59896718
 0.4683571  0.61032551 0.51522696 0.19514921 0.21515892 0.33874618
 0.39939909 0.        ],[ 0.74951665  0.49597996  0.46367071  0.58826095  0.59273958  0.39242857
  0.41932028  0.38394044  0.5372387   0.55258607  0.46907323  0.40150676
  0.27478381  0.5184155   0.48368436  0.48235009  0.30313056  0.36209558
  0.46462031  0.29190124  0.14912502  0.38444701  0.55980112  0.53439072
  0.45761945  0.54054511  0.33895005  0.2527666   0.42619967  0.65056811
  0.76278407  0.91531531  0.9954744   0.86487495  0.59499653  0.40262295
  0.31609142  0.43098213  0.42963028  0.43317204  0.4899023   0.3899045
  0.45641113  0.43933496  0.47408245  0.46511256  0.51644363  0.50139571
  0.39755689  0.5608827   0.54354157  0.81980296  0.74318108  0.72938612
  0.61998851  0.41788548  0.50374394  0.46469146  0.54776612  0.48188865
  0.29671862  0.32505779  0.28910801  0.25060846  0.27631251  0.30929014
  0.32320152  0.4787251   0.70843577  0.74988256  0.83634497  0.59524094
  0.43580958  0.26233156  0.15534373 -0.19441612 -0.40673388 -0.0897623
  0.65135282  0.        ],[0.70475394 0.37514456 0.37544503 0.52707336 0.42630379 0.67501238
 0.55161219 0.59496495 0.42180531 0.68922359 0.5541907  0.48962228
 0.46165023 0.52303305 0.60559764 0.50828945 0.4046641  0.44507838
 0.42039219 0.47564266 0.39725787 0.3945822  0.49530207 0.5334398
 0.63364811 0.7340556  0.45988419 0.3552478  0.39719531 0.38524986
 0.57963596 0.77362601 0.68029245 0.68292026 0.53731169 0.49336551
 0.39533491 0.46941435 0.52647081 0.44472516 0.45692268 0.68471292
 0.51321827 0.63599061 0.42033975 0.63624893 0.44209589 0.57301839
 0.43668208 0.66508224 0.62662159 0.7843585  0.68207096 0.54350819
 0.47923154 0.56685979 0.40405633 0.51705715 0.41339846 0.35847064
 0.43111426 0.40702821 0.36752152 0.38826307 0.43340437 0.33734701
 0.36512521 0.30700002 0.56300029 0.57654107 0.58770269 0.48918743
 0.51842217 0.49019634 0.49415683 0.30300524 0.50837247 0.75047125
 0.64450744 0.        ],[0.54395409 0.33489398 0.24726665 0.30335165 0.46126825 0.38972924
 0.55563582 0.40811899 0.56134406 0.32227944 0.47139782 0.37341918
 0.57292357 0.50267542 0.80571475 0.59779075 0.3615501  0.33732501
 0.42190006 0.48332848 0.50679849 0.45442623 0.50795861 0.57115539
 0.57214198 0.5143186  0.59630709 0.39643958 0.44038344 0.44194452
 0.44365932 0.34626314 0.42021401 0.45898108 0.42085719 0.28992153
 0.44262894 0.43031343 0.58820689 0.4913424  0.46892183 0.54368033
 0.49381013 0.70833435 0.41129326 0.52595029 0.40253567 0.43757222
 0.30695723 0.41621526 0.28307068 0.43926107 0.40432133 0.62313778
 0.55123125 0.58215149 0.38434457 0.54160281 0.57676931 0.53733586
 0.47693963 0.56373987 0.50923284 0.40574877 0.45505909 0.49264508
 0.34134679 0.42532766 0.45371338 0.44362762 0.38570978 0.44419674
 0.64908688 0.81046627 1.18647414 1.47068331 1.98315091 2.31587721
 0.9816069  0.        ],[0.4504246  0.42244699 0.4389416  0.4572911  0.40596147 0.49287932
 0.47226778 0.68662113 0.54770096 0.45460249 0.43844369 0.44503653
 0.37337198 0.52329109 0.48969296 0.40120912 0.29843484 0.35047693
 0.45373839 0.68782974 0.46998138 0.36634354 0.37365104 0.39863727
 0.51346691 0.48114375 0.51177188 0.39701224 0.36611927 0.35541259
 0.51518387 0.35934507 0.36719373 0.40057914 0.44675131 0.27026557
 0.37002823 0.22524332 0.491506   0.46783257 0.510853   0.40583555
 0.63696014 0.54182812 0.58643456 0.4626709  0.38802191 0.42809851
 0.21298426 0.48662547 0.35915206 0.56058321 0.4705807  0.58647162
 0.58018965 0.60029734 0.53202983 0.48591109 0.49721691 0.44631188
 0.53822022 0.54960413 0.43328028 0.37301797 0.19753395 0.18379179
 0.24352674 0.60504831 0.44701569 0.37070431 0.10833114 0.13378401
 0.2922978  0.68582922 1.15181615 1.69105855 2.41016738 3.01217929
 1.40667746 0.        ],[0.75133192 0.36246233 0.32863259 0.44808549 0.25901719 0.46027635
 0.3410314  0.50043557 0.49213796 0.5749656  0.49031893 0.46964279
 0.53289123 0.52925652 0.52771506 0.69063913 0.57119041 0.80043216
 0.66664495 0.8401861  0.62444164 0.70890888 0.50882431 0.64700735
 0.60798315 0.50273655 0.47484941 0.36549414 0.32131134 0.2406514
 0.3706338  0.49786913 0.49256593 0.52053909 0.45212202 0.31114127
 0.33889773 0.37094938 0.54534284 0.47134349 0.53808458 0.33738229
 0.48135648 0.38710732 0.49577232 0.52547637 0.53155493 0.57323578
 0.64672294 0.57445016 0.48682739 0.45133427 0.59593157 0.47873228
 0.53236683 0.46495108 0.51923855 0.58286843 0.63163614 0.63282199
 0.57266821 0.56419505 0.47856134 0.4859798  0.30329687 0.24975381
 0.28199203 0.3830227  0.63727991 0.50886379 0.47377295 0.31690046
 0.41990828 0.78462269 1.36117588 1.95285123 2.57607922 2.88335664
 1.35085787 0.        ],[0.11147785 0.40122264 0.47927474 0.39179521 0.28800687 0.24195474
 0.38990825 0.39287295 0.56121253 0.54256964 0.61251861 0.49624958
 0.52181015 0.40366329 0.54944815 0.81037038 0.77385862 0.72685805
 0.6699958  0.67665152 0.59983127 0.6961237  0.65496956 0.66658483
 0.54206708 0.54475872 0.51728678 0.41769881 0.35894561 0.3752795
 0.5687189  0.47308143 0.69661014 0.69328338 0.72462172 0.66084686
 0.62753873 0.55508062 0.43148426 0.52045071 0.48724378 0.44968041
 0.45529193 0.45791951 0.42099832 0.58240178 0.63491906 0.60621096
 0.5071762  0.44191753 0.53298898 0.53425669 0.50774131 0.53471342
 0.77793964 0.60297705 0.65373461 0.4925429  0.49236498 0.34180888
 0.37240587 0.34166631 0.44832583 0.49964828 0.4429505  0.38494481
 0.41361371 0.55779852 0.65550997 0.53674155 0.44855999 0.25060202
 0.4601233  0.66674487 1.13479505 1.7740943  2.12407857 1.97773678
 0.2974099  0.        ],[ 0.17726165  0.54527758  0.56462478  0.42213141  0.59270367  0.520696
  0.53492064  0.27727214  0.31074649  0.36135558  0.3821346   0.33600574
  0.43648326  0.35592624  0.49754749  0.4302386   0.82309938  0.60296202
  0.69310721  0.58020106  0.75588848  0.5533137   0.54145594  0.4048857
  0.52332162  0.57276487  0.51032771  0.52888107  0.6297436   0.56423364
  0.40807609  0.46582715  0.59573826  0.71989731  0.56712432  0.47896772
  0.4980197   0.60711242  0.43027087  0.66264399  0.47592538  0.63435132
  0.40935794  0.46236222  0.25451056  0.31061684  0.34669365  0.51845378
  0.46948102  0.59313472  0.51934117  0.38632226  0.50982549  0.60024678
  0.56140459  0.43429695  0.47242741  0.56343877  0.61768789  0.51215027
  0.70741602  0.74469019  0.80720368  0.6604451   0.48392003  0.42965552
  0.40078368  0.50315589  0.51359295  0.5623616   0.49206695  0.22702111
  0.18476744  0.09460241  0.48571607  0.69804127  0.75251596  0.32589287
 -0.08015569  0.        ],[ 0.42682914  0.52954927  0.36352201  0.23369221  0.75255191  0.50889618
  0.70771401  0.23223955  0.38486084  0.27306921  0.60298851  0.48062421
  0.66077062  0.33170229  0.70604571  0.39069114  0.61557663  0.35232903
  0.52410436  0.39131554  0.63029815  0.39745054  0.64545985  0.38363889
  0.53982037  0.34849826  0.45376464  0.42115229  0.43361441  0.38480432
  0.42402783  0.53881984  0.4121442   0.57566527  0.39156944  0.52640082
  0.65542335  0.66598793  0.6130903   0.63221025  0.43104861  0.51148986
  0.58653073  0.55812885  0.36680646  0.48516968  0.25500208  0.37115568
  0.45458604  0.57684837  0.50986128  0.76164141  0.73059485  0.68287916
  0.57738449  0.48210642  0.48118304  0.70784522  0.66296693  0.60320157
  0.54614865  0.51239581  0.62102769  0.61264576  0.34646188  0.34290029
  0.32331211  0.58396977  0.76616355  0.90361616  0.87497105  0.57821323
  0.29504903 -0.04999865 -0.19966595 -0.50446102 -0.96382379 -1.48888573
 -0.37754258  0.        ],[ 0.39791527  0.46912081  0.38016264  0.30487211  0.5940572   0.47566798
  0.61459911  0.14629713  0.30294995  0.13489008  0.4868747   0.42558242
  0.52575861  0.37097919  0.54520509  0.45752162  0.61760126  0.41067531
  0.51162863  0.44618115  0.65984827  0.47988167  0.62378552  0.55329222
  0.76745462  0.60029587  0.60002046  0.4229386   0.57966598  0.41198347
  0.58290044  0.59995987  0.50026652  0.29980745  0.34991122  0.49964706
  0.61621771  0.77396212  0.80502601  0.68161123  0.51400529  0.55580526
  0.42167423  0.49605742  0.5338135   0.64252843  0.55053667  0.58253573
  0.52445421  0.49373164  0.42248227  0.606422    0.47847602  0.43872367
  0.4565589   0.62011549  0.66195494  0.74715607  0.58456665  0.40349386
  0.46375491  0.39441611  0.43889448  0.35505204  0.38828562  0.30427259
  0.31043579  0.42870732  0.6559563   0.69147612  0.50778023  0.34358392
  0.11027936 -0.13844906 -0.50929061 -0.95564901 -1.54045069 -2.09075917
 -0.45368006  0.        ],[ 0.43069948  0.53191123  0.54883316  0.54244821  0.61255393  0.42545495
  0.40085391  0.49939064  0.38464617  0.37913305  0.36187103  0.39407492
  0.41434948  0.6629927   0.49023689  0.60833701  0.3978281   0.35033076
  0.32743004  0.46723249  0.48672477  0.46677103  0.57530083  0.54326882
  0.72906795  0.67319505  0.60917326  0.4939007   0.46126314  0.38430162
  0.42834732  0.45751492  0.45694355  0.27863543  0.17669461  0.16770024
  0.39272604  0.64213759  0.68587381  0.51938214  0.35157769  0.46269778
  0.3848244   0.59888017  0.56597497  0.67734433  0.73314931  0.78203871
  0.81296505  0.54397237  0.52315874  0.52361354  0.60630479  0.63347447
  0.54043135  0.55725005  0.49038498  0.44102742  0.38313557  0.35029591
  0.49270768  0.51430221  0.486283    0.47244065  0.42466444  0.34813101
  0.36118929  0.31314532  0.3415453   0.39816973  0.34917733  0.37831341
  0.25376269  0.22754774  0.05402265 -0.36585647 -0.8302603  -1.47072637
 -0.65654113  0.        ],[ 0.69829636  0.44658032  0.43135218  0.54698684  0.53325885  0.63314654
  0.43033769  0.45573415  0.36005843  0.53979853  0.46584282  0.52663623
  0.35036588  0.61060144  0.49722126  0.56166702  0.26596309  0.28534779
  0.13974304  0.39433319  0.43358797  0.47967419  0.39646664  0.45658358
  0.45025231  0.47861675  0.58198318  0.5599003   0.6323052   0.5009371
  0.57761211  0.43854018  0.4459945   0.43418783  0.51544205  0.5075793
  0.43338909  0.45928617  0.30730065  0.41303744  0.25296108  0.20663793
  0.17668031  0.2811632   0.34746872  0.58163811  0.61881719  0.67052283
  0.56651657  0.34658901  0.30275208  0.21191967  0.13255219  0.31537739
  0.4033605   0.45987756  0.36327532  0.53161065  0.4290175   0.50920902
  0.48587273  0.69195689  0.59306902  0.3741715   0.28808905  0.29973829
  0.4610919   0.35098859  0.45044358  0.41939797  0.35804206  0.43371463
  0.68480412  0.96017679  1.1502771   1.2351882   0.93088183  0.37511786
 -0.28376393  0.        ],[0.98114906 0.49497522 0.25307124 0.29366755 0.55625885 0.42020794
 0.55120311 0.37207167 0.5533546  0.49853865 0.64027533 0.40745344
 0.55974886 0.54312717 0.59519195 0.44079974 0.51255151 0.39114735
 0.57461404 0.43830686 0.66159852 0.47472438 0.48952717 0.42843547
 0.58504158 0.54644966 0.58981768 0.33146209 0.65146585 0.5140397
 0.55883908 0.47077372 0.65188847 0.65598252 0.52954984 0.66033729
 0.4313289  0.23188056 0.28039308 0.28847932 0.32811843 0.44086075
 0.43313919 0.54318877 0.54437656 0.63417542 0.54920444 0.4867824
 0.51804172 0.44154932 0.48528263 0.55961225 0.46985461 0.57245495
 0.47891327 0.53151301 0.24845472 0.32890751 0.27210948 0.45446089
 0.37839697 0.67464174 0.64321452 0.40939779 0.30399255 0.33682238
 0.62397425 0.59814424 0.7217433  0.37792589 0.37225213 0.34271555
 0.60607328 0.90963422 1.3865836  2.10843937 2.26864833 2.21780805
 0.37453472 0.        ],[1.04411776 0.68687866 0.32865604 0.19509717 0.66222116 0.41212212
 0.65466245 0.38359486 0.52258441 0.51885196 0.58700086 0.34233162
 0.56973956 0.18321092 0.43054805 0.2292052  0.57725992 0.2173496
 0.61227676 0.4306047  0.68856412 0.4427059  0.5888407  0.50526908
 0.75637754 0.41537026 0.64939904 0.45807038 0.52177406 0.40877101
 0.55197729 0.53160333 0.42901059 0.56028767 0.70856618 0.54394963
 0.50248933 0.40445562 0.34921945 0.30065141 0.42896643 0.4089218
 0.46116952 0.4119266  0.48548629 0.45267205 0.50470676 0.33265499
 0.43447061 0.56426171 0.61147578 0.62172706 0.62046631 0.53357739
 0.37222157 0.41534145 0.39239272 0.47853322 0.44317435 0.38712014
 0.42500591 0.46178194 0.50034437 0.36170534 0.55909187 0.58225884
 0.7595607  0.73403141 0.78554136 0.39716922 0.41910489 0.20248628
 0.34737282 0.59832636 1.25025744 2.02347573 2.69757553 2.77819205
 0.6068974  0.        ],[0.33360725 0.59094126 0.44225297 0.12446721 0.26505526 0.27047036
 0.58162739 0.41172731 0.53071539 0.30219744 0.52130355 0.34264134
 0.59087068 0.28427467 0.76645776 0.40370513 0.7503231  0.44710562
 0.83753271 0.56691875 0.71645435 0.5338324  0.68055143 0.42120107
 0.51585608 0.3593233  0.50772191 0.53045887 0.58954946 0.49128269
 0.61430669 0.48286441 0.46663707 0.41636888 0.56949026 0.62542367
 0.50598801 0.42326839 0.51930186 0.56261289 0.53752761 0.49967236
 0.45094568 0.41936933 0.47023742 0.48673242 0.5917682  0.48686677
 0.58000904 0.4835054  0.5165042  0.41379678 0.39442622 0.42323697
 0.29626348 0.29382924 0.29678156 0.47416769 0.54716842 0.50701881
 0.33623066 0.370256   0.34634015 0.51737053 0.50920584 0.56381445
 0.75795681 0.65862107 0.62734814 0.35017183 0.24634812 0.09410472
 0.12738502 0.41360255 1.03152763 1.69096084 2.64976879 3.13485136
 1.48033902 0.        ],[0.57475821 0.59597021 0.4316614  0.20448876 0.29112939 0.47979139
 0.61039181 0.26106211 0.40715627 0.17437813 0.51541378 0.39827966
 0.57088897 0.50081618 0.7810668  0.66510836 0.66757274 0.48741117
 0.66387606 0.55729635 0.57165867 0.46911024 0.5642377  0.39695705
 0.56873286 0.29960244 0.52970088 0.46349065 0.70648506 0.4796687
 0.55067842 0.46012221 0.71872915 0.72099909 0.7819344  0.78108493
 0.68151101 0.55019617 0.54762125 0.62319532 0.68599043 0.62140166
 0.51575602 0.29057175 0.18620097 0.29057795 0.39982957 0.59727522
 0.52572305 0.47626026 0.4508006  0.45781475 0.50204575 0.58310596
 0.54394975 0.59867271 0.59208643 0.64409285 0.53584147 0.44478732
 0.45157733 0.42088618 0.38315274 0.52817116 0.44064131 0.51250859
 0.49989536 0.64013876 0.45863127 0.46699682 0.33065883 0.05907425
 0.20421661 0.25868793 0.93707401 1.57180508 2.66956315 3.29596521
 1.53617853 0.        ],[ 0.84545895  0.63245204  0.5634522   0.53527029  0.38036091  0.61930959
  0.53088376  0.53655694  0.38873169  0.49040236  0.37331005  0.49702413
  0.33991115  0.4958765   0.43230311  0.51093563  0.37006738  0.4848611
  0.53109464  0.60643419  0.66246612  0.59282276  0.4825883   0.33930231
  0.53514929  0.41155069  0.66426997  0.45925803  0.75227761  0.65740782
  0.70096283  0.5371066   0.72475365  0.79825157  0.85565418  0.68384577
  0.48676875  0.46886809  0.59438041  0.60583354  0.60606204  0.47272744
  0.4656344   0.25872419  0.41933545  0.54908205  0.48003671  0.45498756
  0.45521831  0.4257446   0.28593162  0.3224087   0.33695556  0.38372649
  0.58675425  0.72165911  0.84039477  0.55808138  0.5130501   0.48968092
  0.54896625  0.62518879  0.6530291   0.61060626  0.50974572  0.50071716
  0.51023591  0.44181739  0.19943813  0.25981292  0.00611917 -0.16520708
 -0.13940985  0.08320385  0.67060819  1.43290315  2.44048534  3.14281072
  1.51162353  0.        ],[0.80053624 0.68801339 0.64493883 0.6083153  0.42623302 0.33662797
 0.28785802 0.51003905 0.45640802 0.5315922  0.46249842 0.43855978
 0.39070737 0.42572058 0.28004869 0.41657993 0.57202171 0.42878641
 0.68538011 0.8340352  0.86716561 0.70059095 0.42993395 0.26174475
 0.27996483 0.36870299 0.48471951 0.5649814  0.6460003  0.71823946
 0.79995095 0.6856011  0.74029559 0.68925717 0.70862901 0.61111161
 0.50389475 0.51599519 0.6249546  0.56604688 0.52841577 0.49499995
 0.70429892 0.4686942  0.52496578 0.49248736 0.44818128 0.53265544
 0.50729803 0.45230153 0.29152206 0.37055407 0.48136232 0.47028484
 0.61528538 0.46548589 0.57909513 0.7820018  0.6367815  0.56224979
 0.61600134 0.71000022 0.58079714 0.64952782 0.61380461 0.57828634
 0.46255354 0.47622572 0.37275813 0.37530422 0.45519882 0.48332145
 0.55179959 0.68783695 1.16590329 1.66588897 2.24432613 2.71848083
 1.42513581 0.        ],[0.31101018 0.41547357 0.48313637 0.52038071 0.49336246 0.36625794
 0.54871202 0.4393806  0.52232637 0.40007026 0.46738151 0.36216564
 0.51377012 0.35469383 0.46904648 0.45704607 0.55847424 0.58411958
 0.53128569 0.61896112 0.48192425 0.53623094 0.34362009 0.39221763
 0.40962829 0.52437318 0.44555128 0.57284837 0.5066182  0.653096
 0.70263337 0.57426811 0.5290513  0.37101013 0.32749523 0.21359896
 0.40088744 0.4957795  0.50465436 0.35907864 0.45840532 0.42798155
 0.55719711 0.53945657 0.56627167 0.52464147 0.47162594 0.39659555
 0.20888554 0.35317396 0.40239442 0.63762093 0.54022021 0.50415072
 0.46447772 0.45846029 0.69741024 0.71793954 0.69997401 0.69269629
 0.58411364 0.61654045 0.5480476  0.5090235  0.43947612 0.54763522
 0.54107623 0.48183178 0.64073493 0.60871096 0.78912191 0.62437497
 0.86513761 0.84940848 0.93793192 1.21884917 1.36482777 1.31384378
 0.61301271 0.        ],[ 0.71162512  0.66111215  0.75214637  0.77391236  0.35241483  0.57568747
  0.33894295  0.60200152  0.3230207   0.60567246  0.43779298  0.6179713
  0.31159123  0.59258371  0.41107287  0.43670662  0.3055719   0.41023158
  0.31339891  0.55752948  0.50835781  0.64176282  0.53623253  0.56286353
  0.56555583  0.67154845  0.51491405  0.54989504  0.37637447  0.41806375
  0.46847262  0.49174692  0.49431723  0.44128704  0.52774001  0.47575303
  0.68891944  0.60799014  0.67357934  0.46869505  0.39092722  0.3713853
  0.46245968  0.49878837  0.58046721  0.73984303  0.58719575  0.60606036
  0.28439164  0.26157888  0.39090009  0.51048802  0.46269904  0.43440227
  0.49859808  0.56385919  0.5843132   0.46143296  0.51623581  0.44357516
  0.46229097  0.5958572   0.53392872  0.43095745  0.50368587  0.33641264
  0.49570946  0.42125206  0.4573747   0.22685247  0.47480164  0.33499177
  0.36682799  0.16407181 -0.11100283 -0.54112344 -0.90715905 -1.22544319
 -0.10041411  0.        ],[ 0.90109019  0.81245343  0.73182398  0.6172836   0.42173716  0.44385577
  0.36868988  0.41561325  0.35060004  0.49218401  0.28529857  0.41033953
  0.36277284  0.3526822   0.45955838  0.4939985   0.5197446   0.37302398
  0.35708095  0.34739434  0.35595804  0.272171    0.42021383  0.4841249
  0.63680887  0.63901256  0.47358501  0.36753297  0.36846755  0.48072661
  0.60849776  0.40221527  0.44169285  0.49630981  0.51273748  0.73375042
  0.7660631   0.7246749   0.59635341  0.48929635  0.45849735  0.52710701
  0.58646703  0.44762634  0.45758918  0.48220735  0.56246248  0.63384095
  0.51112237  0.52881686  0.51647256  0.48008728  0.6447253   0.56831506
  0.50490864  0.38361026  0.42610704  0.42340743  0.46515199  0.54102205
  0.76506591  0.7217319   0.7064274   0.54996615  0.47958278  0.30931541
  0.47842325  0.25898209  0.32374329  0.23748659  0.44499785  0.43081961
  0.33855233  0.03754525 -0.23779964 -1.06658292 -1.856843   -2.26067557
 -0.67447272  0.        ],[ 0.79310971  0.61512327  0.41713104  0.34287805  0.62402798  0.43879786
  0.60773599  0.3260851   0.62992457  0.43825599  0.49956333  0.22261329
  0.33558289  0.2749543   0.577475    0.44537245  0.61551642  0.52781852
  0.55026548  0.38381532  0.29356531  0.27360525  0.31611539  0.33666337
  0.60723678  0.5136879   0.5852677   0.4055707   0.58535667  0.59318542
  0.53361997  0.48007133  0.39684549  0.63667506  0.58062558  0.76793438
  0.55541422  0.67463213  0.46964051  0.61930422  0.52947366  0.45870667
  0.45470705  0.40040318  0.45226247  0.57244062  0.58672671  0.69463126
  0.66231913  0.6076494   0.69126504  0.74691676  0.72529022  0.57269129
  0.47292966  0.41723626  0.41360304  0.39125972  0.47278491  0.49136785
  0.64409958  0.64090238  0.73179215  0.73072708  0.53271692  0.36815684
  0.1881931   0.19821296  0.30046246  0.53738641  0.75760641  0.7029159
  0.56047417  0.36957371 -0.15558423 -0.86883218 -1.66002903 -2.03418134
 -0.59516108  0.        ],[ 0.09009503  0.4257536   0.50914959  0.40216474  0.39161428  0.60717717
  0.51659036  0.58810917  0.53815767  0.64755203  0.46803669  0.4427232
  0.4089662   0.43070543  0.57768557  0.61097746  0.68820701  0.41639116
  0.46469004  0.55827956  0.67583879  0.57305504  0.61483835  0.42990362
  0.3717525   0.39113107  0.52471166  0.536391    0.46612743  0.42057472
  0.41379372  0.65886663  0.47443872  0.57277133  0.37745192  0.44541681
  0.37787878  0.32114599  0.37293259  0.37884219  0.40905658  0.44989771
  0.33838904  0.37802417  0.56218864  0.63397325  0.59123897  0.54348963
  0.65879187  0.65431067  0.68159455  0.7376025   0.49100021  0.5916515
  0.57569144  0.63900315  0.5354933   0.6539865   0.65332141  0.58309933
  0.47965589  0.47175542  0.63986083  0.73132812  0.58014696  0.33719077
  0.32898444  0.33189648  0.39775395  0.58229528  0.75561266  0.86517036
  0.93258653  0.82315759  0.22695404 -0.50494357 -1.30296567 -1.34768844
  0.37871475  0.        ],[ 0.32322129  0.27052511  0.35108814  0.50304117  0.57134165  0.68189333
  0.57802311  0.59070537  0.44624351  0.59678653  0.42769029  0.59987774
  0.42920557  0.51707066  0.57304395  0.60328014  0.53636737  0.46246758
  0.34361038  0.42230182  0.59578844  0.63002656  0.62867635  0.59770685
  0.43948509  0.45113032  0.59388484  0.69588076  0.71790639  0.63226296
  0.67632476  0.63099914  0.56396095  0.45917789  0.50968194  0.35628477
  0.42161341  0.39636365  0.33538181  0.30020306  0.35658455  0.37905138
  0.4846716   0.47107512  0.53801658  0.53624352  0.48089117  0.44746819
  0.57081677  0.69613921  0.5255527   0.59748735  0.53094954  0.64713399
  0.4138421   0.53488497  0.42187545  0.44299547  0.25737019  0.4279645
  0.29970281  0.41921739  0.42774426  0.4450135   0.5032714   0.56536611
  0.56776569  0.42155419  0.45316805  0.4479666   0.66087397  0.70901748
  0.73329365  0.66711187  0.2413741  -0.48276739 -1.46231312 -1.73158428
 -0.08471677  0.        ],[ 0.49686294  0.43637941  0.4694828   0.53273561  0.5133217   0.63398087
  0.34460038  0.37150677  0.57384997  0.62611327  0.5264405   0.41856644
  0.40443678  0.45333322  0.54708002  0.51212117  0.3347924   0.49361074
  0.25843004  0.38285685  0.46371419  0.61224524  0.65243523  0.58000489
  0.42802973  0.58262335  0.47194697  0.57546591  0.5604272   0.48500787
  0.41598733  0.313335    0.51590804  0.40044805  0.54158603  0.47994852
  0.4530254   0.41771432  0.58983618  0.57160094  0.6308039   0.61088516
  0.5662947   0.34649869  0.46601236  0.65330999  0.57976698  0.5866572
  0.4726955   0.42926827  0.53660317  0.57528499  0.53588135  0.39730682
  0.14684208  0.45220725  0.39357294  0.57591077  0.4812113   0.75599829
  0.78290279  0.56958405  0.45083127  0.47074287  0.46508808  0.46072045
  0.46977434  0.52086039  0.59532607  0.66965813  0.91352777  0.96512835
  1.02348491  1.01439582  0.44935758 -0.32902348 -1.36023605 -2.05178836
 -0.72642468  0.        ],[ 0.2730948   0.3896674   0.49495694  0.58565733  0.63464232  0.56123683
  0.4119765   0.56295188  0.41453448  0.43726844  0.40001688  0.47848969
  0.31115403  0.38440879  0.35116579  0.45299878  0.44913027  0.54777026
  0.38095565  0.51604888  0.5321414   0.80619787  0.68089238  0.69999455
  0.49710853  0.43968208  0.24599994  0.33869493  0.29936958  0.42892854
  0.38961253  0.42342949  0.42603573  0.48148803  0.55321717  0.55448434
  0.68510852  0.56768236  0.55643918  0.46925431  0.47497937  0.37138981
  0.41888406  0.38616443  0.51640609  0.62024248  0.64442762  0.41950957
  0.43143482  0.28138424  0.48560656  0.5837699   0.72331559  0.48450605
  0.46962711  0.44931459  0.55200902  0.5396983   0.55269955  0.65434236
  0.61515265  0.66040285  0.52305802  0.57475181  0.47114359  0.45735801
  0.37867509  0.33118686  0.35116826  0.52414579  0.71937848  0.91229377
  1.27819519  1.24131274  0.93498111  0.19725738 -1.03151269 -1.99398189
 -0.63575865  0.        ],[-0.06533167  0.37759642  0.59862871  0.57498783  0.35575123  0.35062044
  0.1131835   0.28377377  0.23575393  0.37685687  0.39890421  0.60293517
  0.47344378  0.53150048  0.55321072  0.6015166   0.55583333  0.69915056
  0.55837463  0.57754651  0.56536049  0.45900818  0.62917848  0.48726828
  0.47627055  0.41563942  0.40625213  0.45552458  0.49936692  0.3907394
  0.25718487  0.28417154  0.26597454  0.38621636  0.37153401  0.42338706
  0.59508341  0.48068403  0.65439565  0.53572463  0.58220247  0.36696871
  0.27373839  0.3097542   0.44457506  0.64328028  0.61063867  0.43678726
  0.22143192  0.29758569  0.3694852   0.50093555  0.54850187  0.58267873
  0.51292931  0.56078318  0.67360438  0.58163643  0.43517802  0.52908831
  0.4798486   0.38232237  0.45327045  0.28087317  0.46600389  0.64935033
  0.51641491  0.49388208  0.45579769  0.23246611  0.61744028  0.634326
  0.89847321  0.73490208  0.58728981 -0.19452615 -1.00303125 -1.63548207
 -0.21633237  0.        ],[ 0.52084399  0.54804835  0.43032631  0.3140904   0.50474122  0.35290986
  0.39999167  0.23881721  0.42145508  0.32217782  0.6023284   0.62779565
  0.72900947  0.48346481  0.63501185  0.59672054  0.49411583  0.3380764
  0.39479107  0.37433239  0.55748029  0.46062446  0.52454813  0.3372517
  0.40786499  0.37827218  0.49253416  0.6374405   0.5540247   0.50811683
  0.39146402  0.25782161  0.40783966  0.38750176  0.53591199  0.57066807
  0.51874066  0.43429394  0.45527089  0.48172051  0.44854579  0.5448209
  0.4018255   0.40729726  0.47514105  0.45092318  0.55163787  0.43325126
  0.26295201  0.36908083  0.52789236  0.61138337  0.51508189  0.55955792
  0.55428523  0.64647736  0.70454537  0.57803649  0.58074836  0.5436079
  0.55616868  0.53302142  0.52981491  0.69445341  0.64735072  0.69523423
  0.49057107  0.32567389  0.18839519  0.12687612  0.25859426  0.46274634
  0.63612229  0.80034242  0.62674137  0.05508754 -0.60026169 -1.01636764
  0.15245779  0.        ],[ 0.94480195  0.53721034  0.32388547  0.33275381  0.47530255  0.23175183
  0.42722764  0.39422152  0.51319091  0.36647518  0.52086473  0.33486319
  0.44248734  0.62514908  0.67964903  0.5728523   0.38076132  0.28515718
  0.44478514  0.37348066  0.51384207  0.47767422  0.3861226   0.3612015
  0.4444786   0.5757364   0.62878131  0.4727904   0.50244662  0.32449583
  0.24405122  0.212213    0.55257032  0.63226049  0.82931485  0.69040722
  0.48997648  0.47392046  0.42587748  0.40887207  0.51028836  0.59337417
  0.47293836  0.56103258  0.57582932  0.63704871  0.63798432  0.41236839
  0.41973166  0.44067521  0.49604943  0.53391524  0.4871774   0.33550981
  0.45403689  0.51407194  0.68312653  0.59953166  0.60965493  0.5408849
  0.52520379  0.72275364  0.68164606  0.81343617  0.72482424  0.68061614
  0.55158312  0.42188401  0.20359925  0.22375573  0.37095712  0.83361579
  1.33546016  1.62878058  1.69698892  1.1929663   0.37815966 -0.38493455
 -0.40485534  0.        ],[ 0.17435066  0.41579537  0.58203295  0.53633773  0.09866735  0.24183323
  0.12159124  0.37971014  0.35261482  0.42924363  0.38443915  0.501749
  0.51525993  0.57929868  0.51476594  0.55084743  0.43003136  0.3209358
  0.43869687  0.46033819  0.58080428  0.58326361  0.52045974  0.5421342
  0.50739012  0.47456985  0.49488604  0.29197489  0.40301388  0.38086539
  0.40609731  0.24943414  0.40695906  0.56753219  0.67545568  0.58121438
  0.5571845   0.50158971  0.48321755  0.59449833  0.5316077   0.5143374
  0.36442796  0.46579569  0.54620028  0.52172541  0.50740288  0.4199405
  0.44211172  0.32321381  0.4079669   0.5670452   0.48931192  0.36555544
  0.50603096  0.51036363  0.52643225  0.66994217  0.5708328   0.46244646
  0.5125257   0.46676497  0.64395813  0.6812888   0.80688637  0.69895768
  0.64938148  0.54086316  0.54492385  0.51292291  0.69768441  1.03244527
  1.36549872  1.58980828  1.62569555  0.90453054  0.03207394 -0.77984936
 -0.65290319  0.        ],[ 0.47509022  0.49243655  0.48452835  0.44083155  0.35425351  0.31818943
  0.24651074  0.27860632  0.2970925   0.33145247  0.36057431  0.47929021
  0.59898551  0.4876526   0.510121    0.64162626  0.43849233  0.48744785
  0.39653287  0.52636594  0.40244377  0.62579185  0.47085697  0.6123209
  0.55075743  0.50567904  0.31317366  0.45885202  0.49944058  0.64938055
  0.58934581  0.53465655  0.47910587  0.57195652  0.55250735  0.67175731
  0.64566601  0.58003709  0.65413201  0.69918654  0.52237265  0.52390425
  0.41258138  0.31333123  0.3588183   0.23773189  0.46477159  0.3207301
  0.41167971  0.41235871  0.54129677  0.48968953  0.54315807  0.53289718
  0.52135381  0.61904258  0.64530352  0.66692713  0.59240436  0.4861503
  0.46596255  0.47775701  0.43965812  0.64476378  0.59204585  0.60628562
  0.53900285  0.38445713  0.34849029  0.46306768  0.5584857   0.7060356
  0.69911457  0.71636141  0.36755335 -0.2295197  -1.02491404 -1.67522653
 -0.70083387  0.        ],[ 0.60878389  0.24411357  0.34619697  0.67492638  0.58809009  0.61504905
  0.27828046  0.53397791  0.39142686  0.55329771  0.45477293  0.70749712
  0.51539057  0.56276793  0.42486363  0.50997059  0.24801242  0.52640672
  0.32303683  0.54259807  0.4921042   0.53549958  0.60136496  0.79277582
  0.6501337   0.7321079   0.59209681  0.67996171  0.72882951  0.57935496
  0.6119878   0.58273609  0.36470861  0.57824022  0.53391376  0.66664971
  0.4887716   0.54446251  0.45742717  0.58291862  0.56940087  0.54270099
  0.41562911  0.42402785  0.2561226   0.21147202  0.18894197  0.27376798
  0.54815876  0.70112513  0.69269196  0.74857062  0.66133787  0.49532224
  0.54807468  0.46873626  0.55662646  0.49530892  0.56432199  0.47652038
  0.36114367  0.41676289  0.5256938   0.60879318  0.6021994   0.65499344
  0.39046915  0.33899533  0.11177018  0.22191183  0.21397909  0.28154585
  0.1688451   0.14427861 -0.30474831 -0.79221013 -1.53165573 -1.94020409
 -0.70426065  0.        ],[ 0.22480219  0.28779433  0.51204726  0.73639257  0.58749145  0.64769219
  0.4243033   0.6210222   0.60745055  0.73205438  0.5013291   0.60791611
  0.38075959  0.65801841  0.40434177  0.57705865  0.42443557  0.3769477
  0.38513054  0.52550299  0.47853923  0.63521693  0.73315228  0.81144686
  0.73843518  0.61221977  0.59498257  0.4584019   0.48773222  0.47113159
  0.43208745  0.44902886  0.5341711   0.65114903  0.60571113  0.58312456
  0.33757781  0.46105514  0.50939667  0.62235738  0.53335893  0.40023034
  0.54840794  0.61273931  0.53868843  0.45210281  0.59112276  0.43001823
  0.6823245   0.67416392  0.75947221  0.6418501   0.55291217  0.49409179
  0.54362047  0.33186405  0.51865301  0.35773807  0.4828064   0.50857962
  0.48285705  0.4273401   0.49894348  0.62500682  0.67170748  0.48428712
  0.47338124  0.41918469  0.48541201  0.49800575  0.45478252  0.51003807
  0.19569248  0.14237137 -0.18851686 -0.45907463 -0.77018888 -0.71615283
  0.24030754  0.        ],[0.36879941 0.32471105 0.47161218 0.67091165 0.56869981 0.61869854
 0.62257397 0.70791162 0.5166077  0.57727431 0.42654312 0.50284088
 0.43990179 0.64651779 0.494202   0.55080877 0.48030944 0.45520102
 0.47876197 0.62518686 0.60371717 0.50038563 0.6171961  0.63623586
 0.63873631 0.48656856 0.58893449 0.4870092  0.59152959 0.64583041
 0.50363678 0.46726255 0.40977613 0.58535814 0.5982912  0.56526757
 0.52579583 0.46270755 0.44896808 0.46257289 0.44337792 0.53781697
 0.45838949 0.58574226 0.57973156 0.55611625 0.41262008 0.41329961
 0.63066023 0.59643071 0.82339406 0.64276802 0.78305558 0.3991037
 0.38292381 0.35760287 0.48474765 0.50359902 0.59087852 0.49322996
 0.51151401 0.72010372 0.66326257 0.63588813 0.54618274 0.5743728
 0.58918518 0.54437235 0.63166619 0.67311452 0.78523512 0.63045593
 0.63600425 0.61978715 0.68229929 1.04061881 1.23231806 1.824023
 1.07491883 0.        ],[0.44377028 0.53736495 0.55520942 0.54736337 0.63438634 0.64065512
 0.66172137 0.5732719  0.65460898 0.56529665 0.42065167 0.30831376
 0.37085763 0.30972739 0.47990889 0.68208776 0.62409364 0.69166844
 0.66839525 0.75064517 0.5917812  0.51116617 0.57348687 0.41643966
 0.51038139 0.5074844  0.54452564 0.54688062 0.43828124 0.27784119
 0.21824552 0.20020974 0.33406918 0.35471098 0.44202976 0.51628315
 0.48137589 0.46583113 0.46060606 0.5160771  0.33651057 0.47807194
 0.35892944 0.55632438 0.48257354 0.50436471 0.45897618 0.25224882
 0.39834659 0.44051955 0.59469651 0.58088489 0.56855516 0.45392835
 0.51546056 0.61024111 0.65552843 0.60316297 0.56466508 0.4767733
 0.57400315 0.61374614 0.62890791 0.68940518 0.69120843 0.67022928
 0.68676206 0.65942062 0.61025454 0.73714066 0.496626   0.40872908
 0.11018115 0.06980569 0.48567828 1.12451724 2.09174101 2.79357353
 1.64494798 0.        ],[ 0.50172046  0.37846615  0.40625137  0.53735772  0.62368222  0.66262488
  0.54177212  0.51411352  0.43554851  0.26261378  0.36480818  0.1590737
  0.34331669  0.45764448  0.58353126  0.6997057   0.77562966  0.74435261
  0.64305692  0.58965629  0.49445682  0.6111744   0.51385584  0.41670428
  0.43185599  0.33938022  0.29485825  0.31797994  0.27382959  0.38288689
  0.36401734  0.28834709  0.43706695  0.48162721  0.55948018  0.54773128
  0.3964785   0.62692574  0.53386702  0.42518545  0.31245753  0.39200503
  0.42138787  0.42986875  0.38601932  0.3615395   0.24126987  0.37552888
  0.45211792  0.63608231  0.64480871  0.48582153  0.46665382  0.55964272
  0.70181623  0.75199068  0.56251837  0.50887348  0.59602317  0.49102288
  0.67022107  0.49609592  0.565665    0.53002485  0.51900192  0.34711342
  0.46982828  0.50645697  0.35916435  0.22070469 -0.01215334 -0.08404558
 -0.1431414   0.12196339  0.50848264  1.2927179   2.14182858  2.92327537
  1.69387824  0.        ],[0.36200171 0.5016223  0.65743012 0.69826951 0.41182943 0.54108157
 0.32841253 0.56018441 0.3621681  0.5828665  0.41691509 0.46736057
 0.26859226 0.44661142 0.31167942 0.53289877 0.41271483 0.70327153
 0.61454423 0.71602148 0.55098118 0.50186808 0.30359694 0.47847651
 0.32272849 0.43313479 0.28919767 0.38731988 0.56574551 0.58721763
 0.70879385 0.62355012 0.38759915 0.37875123 0.58272528 0.58306029
 0.69507233 0.64475658 0.61120735 0.52611512 0.4120849  0.38735746
 0.27961883 0.31282754 0.38027933 0.49240096 0.5686952  0.61357324
 0.54469303 0.59848781 0.59163393 0.51240679 0.55109907 0.59176709
 0.6898645  0.64650811 0.73901074 0.56703697 0.55130164 0.34248472
 0.37938896 0.42590713 0.59458755 0.53094789 0.4458832  0.50056486
 0.53957671 0.54691273 0.67986345 0.4395463  0.30273347 0.16757705
 0.2378224  0.55536269 1.05120855 1.64989559 2.37496081 3.05424737
 1.43341059 0.        ],[0.41106729 0.52902672 0.58800614 0.59559184 0.58316345 0.54723998
 0.40184222 0.36910522 0.48721676 0.63263475 0.52894832 0.4609831
 0.30547208 0.40363093 0.36957757 0.47515334 0.43476537 0.6586277
 0.55683119 0.56693353 0.35902004 0.46693779 0.38530502 0.59257552
 0.63222623 0.6431305  0.5782796  0.51231778 0.48404219 0.52275189
 0.62236619 0.54159454 0.4980163  0.32248088 0.35351964 0.28193462
 0.3280673  0.21712316 0.38678273 0.37479177 0.41642702 0.38283547
 0.33495786 0.50856463 0.47455177 0.47723236 0.33879942 0.50313735
 0.68944872 0.68531669 0.61064482 0.50553492 0.54776975 0.58675709
 0.58767125 0.48306703 0.61493192 0.45391603 0.35919516 0.35341539
 0.29818404 0.53674043 0.35692425 0.55533654 0.35442689 0.3799005
 0.5081729  0.68318159 0.65389206 0.68096093 0.40425767 0.45369519
 0.68790519 0.81291388 1.18346739 1.47230817 2.01344065 2.31098337
 0.87418945 0.        ],[0.3524289  0.53784037 0.52557447 0.47709745 0.68636435 0.35703451
 0.35638499 0.24838571 0.38944    0.32623795 0.46684308 0.33040542
 0.55136227 0.48733194 0.6414096  0.54964843 0.57316407 0.5527051
 0.44916818 0.485555   0.46695131 0.46603118 0.56875043 0.36870689
 0.54870393 0.48791228 0.55538524 0.52927555 0.67205545 0.4700107
 0.66017426 0.48075512 0.56230575 0.48727678 0.51757049 0.50271889
 0.41240093 0.33793955 0.38812747 0.54281746 0.48260971 0.47222371
 0.30971619 0.53829415 0.52649592 0.49531275 0.4703739  0.4976176
 0.62320933 0.73583117 0.69241451 0.62393042 0.66882058 0.6159177
 0.69648456 0.5730541  0.48966326 0.30086361 0.38881592 0.24607421
 0.36811946 0.38146429 0.24791856 0.45270841 0.27284252 0.56269626
 0.46023886 0.55091361 0.51193721 0.6616379  0.66789171 0.62785839
 0.68207578 0.78027179 0.80103481 0.50292103 0.48483093 0.39541597
 0.30860119 0.        ],[ 0.27954224  0.66752384  0.63379808  0.41862786  0.59239162  0.38721453
  0.5276385   0.27744006  0.62085233  0.30559     0.47728537  0.20139978
  0.52425422  0.27264927  0.56106178  0.44237474  0.62286255  0.37946987
  0.44333029  0.29833996  0.52931583  0.4495204   0.61022678  0.48428996
  0.56819086  0.70816922  0.7482978   0.69934936  0.62301559  0.45587624
  0.44826496  0.39385112  0.48277926  0.4149513   0.45440924  0.52915474
  0.33924947  0.27270931  0.29275995  0.4097351   0.40832982  0.53215924
  0.3896311   0.5451528   0.39027241  0.6217589   0.44888889  0.59902097
  0.6229599   0.70347764  0.68055766  0.56447751  0.6988505   0.6084245
  0.53624432  0.41245644  0.52697792  0.36154976  0.45275461  0.56847838
  0.52674998  0.42329134  0.33019212  0.31129192  0.22147082  0.3734936
  0.4501762   0.66445282  0.58614229  0.42451859  0.45099093  0.38477413
  0.42044362  0.24282965  0.02395095 -0.51217823 -0.83838855 -0.67679488
  0.65944011  0.        ],[ 0.56096017  0.82996673  0.70555993  0.39327617  0.46348456  0.4795357
  0.67892512  0.44120125  0.68738256  0.40926189  0.64730066  0.46171136
  0.6380598   0.33630063  0.69086007  0.5408404   0.70587916  0.50513888
  0.55854905  0.30912153  0.54591221  0.3413197   0.45630133  0.38309698
  0.4726984   0.44049235  0.64195143  0.59652495  0.59574814  0.45728418
  0.38471345  0.38297166  0.42999429  0.42578154  0.51088689  0.43857908
  0.34715248  0.38204322  0.40085654  0.46810292  0.41247965  0.34474098
  0.47606468  0.42946414  0.56128709  0.57601856  0.58064225  0.51619575
  0.60923146  0.64807308  0.54624912  0.64548606  0.65314376  0.74149086
  0.62593737  0.54508605  0.49797667  0.36343009  0.35065437  0.3516584
  0.32303009  0.46125659  0.46084334  0.51968082  0.40383388  0.40779675
  0.55721035  0.64086679  0.63820032  0.50267697  0.41546826  0.36253689
  0.36096179  0.26804151 -0.06766619 -0.51052191 -1.2731607  -1.59818148
 -0.05339808  0.        ],[ 0.70395864  0.51160517  0.44533847  0.47312749  0.4679432   0.40251903
  0.47644781  0.60900029  0.57390081  0.58189785  0.45780006  0.33480227
  0.48000325  0.58862396  0.65828274  0.49833152  0.46415251  0.36620446
  0.38549453  0.46248862  0.50875452  0.59008129  0.68451395  0.52803343
  0.37778285  0.41189095  0.49957611  0.52209748  0.62125977  0.3375652
  0.38606512  0.39665246  0.51337798  0.40596018  0.56605095  0.45651147
  0.5859633   0.3858879   0.56596368  0.50519775  0.57673998  0.51270955
  0.45256094  0.45961407  0.56586258  0.44985843  0.30710676  0.50923534
  0.51219127  0.71014376  0.64143111  0.63544143  0.61558901  0.7963886
  0.70960974  0.66042116  0.5533873   0.56134494  0.36674759  0.40925524
  0.41627459  0.44582986  0.51378464  0.49715088  0.59734077  0.70334873
  0.64325436  0.77123629  0.69296565  0.6257995   0.57596994  0.6240973
  0.68712862  0.9379416   0.58181014  0.09371313 -0.77260519 -1.4138369
 -0.25555201  0.        ],[ 1.03435185  0.38362699  0.23782241  0.44246668  0.51720699  0.58085505
  0.57257243  0.60200327  0.49354053  0.55649468  0.43011179  0.63362883
  0.48128587  0.70789955  0.39246662  0.5389491   0.38305903  0.60738523
  0.54221302  0.62372796  0.50977877  0.53807954  0.61907161  0.54267424
  0.67159317  0.48027654  0.54033513  0.42478245  0.43667067  0.27096917
  0.43755198  0.33172313  0.51545282  0.24137522  0.41442405  0.37679684
  0.50117027  0.45178265  0.49596369  0.47561366  0.41837517  0.43938074
  0.38503183  0.55606841  0.35921472  0.70830205  0.59948409  0.72641237
  0.54958425  0.54750272  0.58285897  0.76456851  0.54097751  0.55596847
  0.50896861  0.55691312  0.56353076  0.47565184  0.56408861  0.47150325
  0.26403613  0.55159155  0.47871602  0.58800912  0.71635116  0.72093143
  0.63200111  0.5996488   0.28414307  0.21008535  0.26774863  0.63613517
  1.02788658  1.51134804  1.62879898  1.26095988  0.51959388 -0.62695324
 -0.52505749  0.        ],[ 1.07505277  0.61293063  0.53369428  0.62686904  0.43123697  0.66047667
  0.41100217  0.62094948  0.28609412  0.53983015  0.24111072  0.4456294
  0.30929661  0.40541913  0.317369    0.47414494  0.40890157  0.66015064
  0.37125858  0.51463122  0.50772203  0.7035646   0.57322914  0.78158221
  0.78620904  0.64366774  0.5157831   0.36933786  0.39482784  0.29568562
  0.42602551  0.39591911  0.50103291  0.54404439  0.4018743   0.35779048
  0.37070008  0.44424026  0.47627816  0.3854515   0.33655926  0.45703463
  0.49057739  0.67841425  0.48716873  0.70829422  0.57481693  0.60558012
  0.51421393  0.6392928   0.58518891  0.51321733  0.56479773  0.42229893
  0.50433204  0.35970415  0.50967549  0.71759864  0.70715691  0.80911465
  0.81379297  0.74592445  0.74372093  0.68910007  0.61105634  0.66377784
  0.55830916  0.53248381  0.2501628   0.17265759  0.22425412  0.46912544
  0.78377109  1.26843662  1.46202679  0.91439417  0.03170134 -0.95184286
 -0.75989691  0.        ],[ 1.080321    0.48030601  0.31725086  0.40731976  0.29096929  0.44422918
  0.36086756  0.55961843  0.46283786  0.633075    0.41703198  0.42919687
  0.2946002   0.32750959  0.23877158  0.55346616  0.30868302  0.50343269
  0.46926096  0.49624902  0.36469697  0.58194129  0.59403375  0.80204576
  0.81338439  0.87443437  0.71943036  0.46099435  0.29947437  0.31548779
  0.24545621  0.35060422  0.49919196  0.60213879  0.63717044  0.58934313
  0.54350738  0.50502308  0.65401188  0.55132136  0.586079    0.38620959
  0.45675967  0.46407951  0.41563353  0.50062482  0.41798431  0.53023428
  0.37709947  0.6145345   0.44302608  0.60155397  0.48139157  0.40812801
  0.42541581  0.54334253  0.62847397  0.71914523  0.85479805  0.86253529
  0.87114543  0.78145675  0.55102268  0.47923349  0.52251027  0.57914402
  0.5760418   0.58230796  0.4628543   0.42471858  0.44623107  0.56721046
  0.75513981  0.81763644  0.6201847   0.14506897 -0.77220128 -1.65168558
 -0.81288359  0.        ],[ 0.76746936  0.30592993  0.19311144  0.30322555  0.26509346  0.28598116
  0.28379738  0.23421313  0.33453104  0.30206834  0.33794054  0.24386655
  0.25192362  0.12263228  0.28031217  0.28058253  0.51945481  0.56458379
  0.59074014  0.73050591  0.61532913  0.47781155  0.36759093  0.54085131
  0.47919446  0.47289263  0.62200836  0.61503496  0.48174354  0.55979877
  0.51011331  0.48411771  0.48867716  0.56822936  0.57052527  0.45624135
  0.49983885  0.45946427  0.57498957  0.56974263  0.66945599  0.54706726
  0.46549829  0.26238152  0.28841713  0.34179857  0.42586798  0.55522835
  0.40988415  0.52385223  0.32106072  0.48367653  0.31116744  0.48906644
  0.42292549  0.41602391  0.45116168  0.50389434  0.56437632  0.53019624
  0.48961537  0.49630827  0.51502661  0.60232175  0.63867925  0.55282163
  0.48049585  0.43366776  0.49637867  0.67717026  0.6518592   0.82984918
  1.00400472  0.8097621   0.38095097 -0.26021435 -1.20429233 -1.98836421
 -0.80488295  0.        ],[ 0.45402694  0.31744919  0.27788268  0.30767199  0.30507698  0.28586115
  0.37683338  0.37537253  0.37845445  0.31516866  0.18988527  0.16637316
  0.33868515 -0.08052293  0.14699873  0.07473079  0.42399846  0.32888463
  0.57242813  0.47059023  0.47295712  0.39688123  0.45544259  0.41983601
  0.38625241  0.5477843   0.58820939  0.58756087  0.60165783  0.62127539
  0.69240572  0.55526022  0.56794908  0.5277618   0.50221254  0.42292806
  0.32867042  0.30968833  0.44568396  0.59778031  0.63011586  0.7288493
  0.6922369   0.52536731  0.38433856  0.36892443  0.21717632  0.29844996
  0.30907825  0.25834966  0.18743088  0.26080978  0.46552321  0.50788936
  0.38990829  0.57373433  0.53086995  0.49541307  0.38614636  0.43278845
  0.56824154  0.55890253  0.63355714  0.58958871  0.59866791  0.66484138
  0.47262273  0.41869104  0.33549228  0.40595042  0.52880794  0.66892145
  0.78420797  0.57706898  0.1039973  -0.7726613  -1.68815831 -2.30669071
 -0.81486138  0.        ],[ 0.40862335  0.41068419  0.42870164  0.46983674  0.49377026  0.3449928
  0.32021904  0.20768143  0.33319665  0.45826943  0.37282672  0.38769165
  0.38007805  0.29522467  0.26036645  0.43533071  0.54222619  0.56182362
  0.5197056   0.47324119  0.42264775  0.33397965  0.45182028  0.60013907
  0.65167644  0.82202307  0.65978244  0.56656581  0.55667646  0.54299647
  0.49355655  0.55827155  0.64415169  0.52961054  0.51527193  0.4493133
  0.4754131   0.60250578  0.4486925   0.52221313  0.46102429  0.65049437
  0.67820634  0.6092512   0.5121415   0.46763103  0.36578101  0.35633838
  0.31105654  0.41440113  0.53569896  0.56648728  0.33278615  0.26148219
  0.21817119  0.39464318  0.45279791  0.59229882  0.56675343  0.64485755
  0.74434011  0.58929108  0.5319217   0.5245142   0.57946016  0.55649413
  0.52753763  0.35623724  0.28097961  0.31119344  0.27355327  0.53336883
  0.60406879  0.25162451 -0.1588232  -0.8893763  -1.71483207 -2.27042784
 -0.7286257   0.        ],[ 0.93943693  0.59789518  0.54493151  0.61694105  0.42061372  0.51334587
  0.49018967  0.57280651  0.46826324  0.68002192  0.61005173  0.53824163
  0.36482721  0.57099908  0.56469988  0.67763172  0.5792008   0.48274002
  0.27061179  0.44634092  0.36317696  0.43528653  0.49140587  0.6133975
  0.69362928  0.75488205  0.604985    0.59526925  0.42582829  0.35909788
  0.34199071  0.34706407  0.51056015  0.47697798  0.68542725  0.63560182
  0.61904157  0.51207909  0.3840047   0.55616008  0.49488961  0.56581374
  0.42402557  0.33785014  0.38856034  0.36375673  0.43104108  0.48662558
  0.45058559  0.5619939   0.46703778  0.43257985  0.34531065  0.30009079
  0.35101049  0.43699957  0.65197785  0.6857563   0.78387261  0.7427097
  0.47391946  0.38698679  0.32493549  0.34071354  0.50027913  0.52211887
  0.45823605  0.3326006   0.28440887  0.30166234  0.43998667  0.47307089
  0.54680552  0.5821691   0.07348634 -0.65937406 -1.29376424 -1.6908077
 -0.31502553  0.        ],[ 1.01484472  0.64044337  0.49069241  0.51840115  0.57197486  0.62865473
  0.59966487  0.52283699  0.55482962  0.53968804  0.70153279  0.75021056
  0.75569881  0.71276876  0.6624581   0.65294468  0.61158553  0.57055693
  0.52496799  0.59030458  0.66595608  0.77691129  0.71867901  0.63235657
  0.44539099  0.49620877  0.39938831  0.55416587  0.61003629  0.51890534
  0.48182286  0.43322476  0.36403862  0.37021618  0.57990117  0.53377238
  0.54902654  0.43358928  0.65080743  0.48100794  0.51411272  0.50022951
  0.55772766  0.57234715  0.58052271  0.48525457  0.569954    0.44220328
  0.56292588  0.43187694  0.46506162  0.3940252   0.31266093  0.51652195
  0.53697895  0.53057211  0.41109399  0.45422667  0.52317802  0.51768238
  0.57067906  0.37718135  0.48183929  0.50037513  0.55683887  0.52611247
  0.51223506  0.44057555  0.37040253  0.50729784  0.63425341  0.67150277
  0.83168586  0.84173256  0.66734489  0.33706378 -0.17064406 -0.27656277
  0.3870124   0.        ],[ 0.81687258  0.63659827  0.61267859  0.65697614  0.58761201  0.69481826
  0.47131456  0.53819866  0.36544277  0.40174083  0.31722799  0.62154234
  0.78678453  0.86365102  0.79574491  0.73339765  0.60833408  0.44281505
  0.33650352  0.51278412  0.59292209  0.59570042  0.62353417  0.4915355
  0.38940063  0.38315662  0.4513353   0.62123031  0.64683326  0.62701594
  0.60864406  0.39315666  0.44233299  0.26395046  0.4809531   0.5228768
  0.52538877  0.6017052   0.52828998  0.59620359  0.55268384  0.49769669
  0.50566859  0.59723473  0.49690518  0.40293847  0.56423147  0.41021846
  0.45143471  0.42541801  0.40892666  0.48955575  0.509628    0.60653278
  0.60902582  0.61383317  0.57029935  0.39853153  0.39900932  0.35609784
  0.51679992  0.47726511  0.50362027  0.57187568  0.65803851  0.44386813
  0.50157415  0.35348926  0.22981734  0.3363935   0.41088025  0.70658511
  1.06382597  1.49533276  1.7141223   1.34976424  0.88163181  0.42574519
 -0.37978247  0.        ],[ 0.55663487  0.68802227  0.68498325  0.63048047  0.68133711  0.48535605
  0.53307623  0.47704406  0.54202415  0.48434912  0.35090974  0.49283049
  0.60272252  0.82117764  0.75120948  0.61134255  0.55832464  0.52528418
  0.39944563  0.29800708  0.37139265  0.45887792  0.66498217  0.62215929
  0.54640123  0.47415431  0.40402762  0.44061062  0.50143625  0.31113286
  0.47495146  0.37557254  0.40283272  0.36592163  0.49172612  0.48629246
  0.45567028  0.48856325  0.39391457  0.57474788  0.44932746  0.64707305
  0.56352864  0.64162062  0.66417261  0.53919498  0.39461732  0.39018445
  0.28894106  0.31337302  0.46892547  0.55156913  0.46205606  0.40386718
  0.6288193   0.45942383  0.57542333  0.39033056  0.38134154  0.42206623
  0.43693279  0.47342783  0.65429071  0.51040909  0.47212732  0.51548343
  0.49897792  0.29175579  0.0975827   0.08812914  0.16411461  0.52499648
  0.79381697  1.20076912  1.44006567  1.3386258   0.82969422  0.34156038
 -0.55289814  0.        ],[ 0.22923023  0.56353824  0.72041366  0.69461814  0.54170732  0.52989318
  0.46385616  0.61839641  0.47100781  0.44936685  0.4709526   0.48616536
  0.49345169  0.59825968  0.70133088  0.6536843   0.72170804  0.54419119
  0.5499441   0.29587469  0.45312102  0.52923621  0.58104766  0.64586066
  0.45811361  0.50761007  0.49615545  0.61465607  0.51603583  0.47179342
  0.46301789  0.52103142  0.54461378  0.5675959   0.61677136  0.59886792
  0.48564796  0.50535656  0.55767855  0.67453657  0.4922385   0.60154843
  0.43083477  0.57546636  0.43617537  0.48571431  0.37251915  0.36353117
  0.4231931   0.50625267  0.54205874  0.66186105  0.6237902   0.53404276
  0.45503614  0.4601175   0.46174787  0.53106602  0.56185824  0.44887763
  0.63135988  0.60011104  0.4500009   0.33055169  0.22825209  0.52391462
  0.55956833  0.4323487   0.33590083  0.24129657  0.46838605  0.4646196
  0.6566146   0.64082282  0.46355965  0.27711398 -0.2382974  -0.29380803
  0.17719314  0.        ],[ 0.48298318  0.38569711  0.32524113  0.3535198   0.50289743  0.38443544
  0.58892219  0.38250145  0.48353139  0.41674461  0.56073634  0.50667334
  0.50286634  0.51233832  0.67677099  0.58357163  0.65669248  0.61983012
  0.63672081  0.72597797  0.59293425  0.59063796  0.35575355  0.43886986
  0.34861876  0.48222685  0.49158467  0.75972734  0.65392434  0.78262499
  0.4889465   0.47073788  0.4286911   0.60634276  0.67805192  0.62325026
  0.66839874  0.63062528  0.62548178  0.56837659  0.54320416  0.45363215
  0.53117572  0.50371892  0.46284709  0.47088044  0.42194699  0.48279086
  0.55213188  0.53868033  0.61982823  0.7644863   0.61742003  0.5001005
  0.34129881  0.57813582  0.55528046  0.50857054  0.42411214  0.54550205
  0.52958929  0.65671485  0.47004287  0.45428898  0.42842864  0.5309985
  0.61586702  0.53719833  0.45364814  0.52026786  0.46418419  0.41992911
  0.52815624  0.47338841  0.04387579 -0.3834277  -1.02801411 -1.29449098
 -0.1491106   0.        ],[ 0.93855152  0.56294092  0.44658696  0.52920427  0.62834246  0.70727538
  0.5499761   0.54573502  0.54262525  0.45956974  0.35813883  0.42341778
  0.34439582  0.3932809   0.62245041  0.57642708  0.65139257  0.56102002
  0.70169022  0.71340621  0.63988229  0.54193395  0.30118963  0.47071615
  0.36145409  0.42928008  0.3990888   0.58418386  0.56264652  0.61423103
  0.40087622  0.51849991  0.35712331  0.44118597  0.45084994  0.5656672
  0.48130115  0.57740688  0.67400051  0.67994846  0.65410825  0.51987667
  0.60289659  0.31638287  0.3721081   0.3657466   0.44929737  0.34074697
  0.4550791   0.56509225  0.60357542  0.49015107  0.51499557  0.58432758
  0.47789919  0.46009644  0.43909199  0.56647141  0.34928794  0.54771411
  0.52813829  0.56775925  0.39780038  0.40779474  0.5920615   0.57366231
  0.70840556  0.41195803  0.30868839  0.38961796  0.29015143  0.40199737
  0.50533673  0.62019897  0.29644662 -0.12014665 -0.75077332 -1.11404346
  0.01169809  0.        ],[ 0.38643372  0.39328595  0.44777823  0.52073009  0.5353698   0.60707254
  0.74573028  0.73713887  0.58612966  0.581904    0.5241649   0.56340077
  0.52630033  0.49357999  0.47769772  0.57031627  0.53771614  0.49736742
  0.45339648  0.34529915  0.28904155  0.24214291  0.33535129  0.53764833
  0.48650189  0.45178738  0.48076014  0.49244523  0.49701062  0.47978674
  0.56661431  0.49793688  0.3697894   0.43352788  0.38056621  0.30921549
  0.4258015   0.65573167  0.63144218  0.68054823  0.63249343  0.54172014
  0.4021431   0.34509523  0.44565728  0.37619266  0.5577943   0.48026911
  0.54730304  0.54125449  0.52482671  0.54950677  0.57181455  0.46061039
  0.54128303  0.4591586   0.35264727  0.57353661  0.65763714  0.7615657
  0.80807693  0.62099645  0.55687487  0.34232834  0.66661502  0.56424851
  0.41047239  0.24797453  0.29031832  0.3537973   0.47784722  0.75994068
  0.96366574  1.17560544  1.12797616  1.00906117  0.64728842  0.34232481
 -0.02422379  0.        ],[0.46604733 0.59357688 0.67504881 0.64836877 0.41741065 0.4174133
 0.42448925 0.62726167 0.41336118 0.36426497 0.30691407 0.46514067
 0.52264243 0.47217992 0.48381466 0.41299389 0.3288616  0.40365957
 0.49072497 0.5941538  0.48729802 0.56793546 0.59367094 0.62149938
 0.52440112 0.40607058 0.46071651 0.4918059  0.66756877 0.55011786
 0.46911574 0.46855058 0.56475723 0.48102268 0.61435646 0.54750493
 0.57229479 0.53118108 0.65821171 0.64080803 0.48191119 0.55359563
 0.55529    0.48784523 0.49584914 0.30850674 0.49955732 0.41973268
 0.48289935 0.51007327 0.52204386 0.46046323 0.51631923 0.48689941
 0.47675051 0.45846367 0.44521561 0.4383951  0.67334795 0.73117575
 0.60954634 0.52524194 0.64243705 0.58791125 0.7160874  0.51615208
 0.47312386 0.22044478 0.43804595 0.36119404 0.42995188 0.55221479
 0.88843386 1.17236018 1.47791244 1.84309656 2.26958969 2.26969149
 0.83880464 0.        ],[0.24490591 0.48788578 0.54573199 0.42917648 0.25619043 0.34051544
 0.43573528 0.43322851 0.5312125  0.50065146 0.48672435 0.45785949
 0.52605111 0.39048913 0.36273258 0.30279711 0.31387812 0.28857678
 0.49655114 0.54353234 0.58351776 0.63751316 0.69561493 0.70808515
 0.72741725 0.67644135 0.5589216  0.56064262 0.55374371 0.57382743
 0.44644614 0.39667844 0.41713043 0.54277186 0.60936241 0.64950579
 0.6921324  0.66722667 0.6546228  0.59291556 0.5710658  0.42502606
 0.34188085 0.45495771 0.55578831 0.57294984 0.42662909 0.41593144
 0.40718802 0.44817966 0.40780631 0.44045954 0.71562578 0.65069585
 0.71335019 0.51086706 0.36542566 0.43977953 0.46947113 0.71196206
 0.54509051 0.53895794 0.44660061 0.54941993 0.5696252  0.51334654
 0.47699994 0.35045912 0.46634556 0.35703642 0.53243975 0.26537895
 0.20405708 0.45672255 0.88488844 1.40451053 2.05682477 2.48778078
 1.29593652 0.        ],[0.30883214 0.32009985 0.3281521  0.33448727 0.33509936 0.32576804
 0.37609494 0.40399243 0.59898947 0.50945201 0.49466873 0.43639402
 0.45706724 0.45648126 0.62873433 0.5363343  0.77704762 0.53963329
 0.68521178 0.40074963 0.44862765 0.47961657 0.54827956 0.51061455
 0.56816299 0.69033673 0.64996856 0.66813794 0.58682426 0.5238809
 0.3869635  0.4546587  0.49498028 0.48195308 0.62945282 0.69761139
 0.64825484 0.42713066 0.55976382 0.63553038 0.61937866 0.58736829
 0.51002728 0.558406   0.65118768 0.74383239 0.63718613 0.480401
 0.45778373 0.47524772 0.55892591 0.53473987 0.70229856 0.65923469
 0.65595502 0.5023998  0.3460649  0.45853579 0.33988936 0.55595809
 0.59895698 0.6417943  0.72842116 0.79795191 0.80893908 0.59902721
 0.52122232 0.51839285 0.60838384 0.44016929 0.55518307 0.26930079
 0.18937073 0.27702788 0.2950054  0.59054079 1.18717749 1.81697236
 1.35752822 0.        ],[ 0.66944669  0.42695703  0.29236341  0.36655736  0.73520309  0.56076858
  0.68563521  0.42484669  0.52100163  0.47349893  0.54720681  0.31890937
  0.49926279  0.48002291  0.5461487   0.62014726  0.58526475  0.58455853
  0.59786482  0.47706405  0.48686282  0.3221877   0.36433461  0.285956
  0.47025026  0.61212606  0.61427854  0.59092877  0.65886599  0.63184245
  0.6019671   0.65216021  0.50297348  0.43117634  0.4765534   0.46698613
  0.58600866  0.57270586  0.58162835  0.57709172  0.42611363  0.59318186
  0.53487762  0.59097556  0.59407377  0.50161323  0.45049291  0.36045274
  0.38916812  0.55214972  0.61290198  0.71309889  0.6876061   0.57998865
  0.39165543  0.30622503  0.44772575  0.41913168  0.44949819  0.46489597
  0.43283581  0.53559976  0.53529559  0.59332684  0.56432093  0.52387414
  0.51669996  0.25241288  0.34573463  0.51979677  0.682194    0.61329536
  0.57811948  0.3943462   0.10500312 -0.31511866 -0.35637192 -0.04705823
  0.97754513  0.        ],[ 0.79572752  0.42295321  0.39086628  0.5596071   0.52508051  0.52473556
  0.43929971  0.5409688   0.50190839  0.55280573  0.3496061   0.6063652
  0.60126063  0.69193882  0.48059228  0.52891513  0.41675946  0.3521537
  0.13771286  0.52139817  0.43854312  0.63121203  0.47057845  0.5159505
  0.5014087   0.48534572  0.42644869  0.66545287  0.68871034  0.60429527
  0.4519906   0.40167122  0.48873496  0.5039985   0.47114131  0.3321629
  0.3181282   0.4746378   0.44242861  0.46301407  0.50561003  0.49224963
  0.30274164  0.42255781  0.44379216  0.51760551  0.39088926  0.3437933
  0.30092527  0.40126761  0.58143068  0.62521928  0.61751056  0.43467367
  0.50771456  0.335605    0.53727691  0.6400335   0.47369498  0.39484146
  0.26897949  0.40588702  0.33952959  0.40396753  0.3253042   0.30503277
  0.46262614  0.36335962  0.34854978  0.30233187  0.44012088  0.61452138
  0.60339566  0.34112044 -0.01326249 -0.73092183 -1.15419978 -1.53166957
 -0.20589184  0.        ],[ 0.44242799  0.48186371  0.62998589  0.71241101  0.37616418  0.46969709
  0.42187824  0.7539753   0.4954835   0.61634723  0.46875062  0.58397254
  0.52639175  0.61953268  0.30855247  0.54547815  0.3000301   0.57197104
  0.18626062  0.45256348  0.39161506  0.58555938  0.47127387  0.63992316
  0.53615193  0.77337301  0.70365935  0.67488167  0.53720956  0.46823353
  0.41081643  0.50078581  0.621571    0.60801315  0.52911208  0.58373348
  0.27397872  0.24884094  0.32336989  0.36821964  0.28533114  0.30438719
  0.49847731  0.50778693  0.44538502  0.76499251  0.4881782   0.42620963
  0.20274928  0.29871179  0.44029494  0.5768674   0.64110038  0.43703944
  0.36049969  0.43165166  0.43154086  0.46070156  0.51752815  0.40829251
  0.40668594  0.36152905  0.21660592  0.26689418  0.16408032  0.40129196
  0.54085195  0.64669631  0.51361392  0.27653736  0.49217006  0.84601053
  0.92446597  0.86511662  0.44400296 -0.19885938 -1.06587194 -1.7002413
 -0.5631023   0.        ],[ 0.70283777  0.48842733  0.54569332  0.6832614   0.44860245  0.53320939
  0.48641346  0.69690295  0.40945569  0.67614067  0.48848034  0.55731583
  0.29549596  0.48610278  0.20182912  0.38166466  0.26934009  0.47438362
  0.43686647  0.64956389  0.52730925  0.67520671  0.30721923  0.32775657
  0.33437871  0.57657948  0.59948469  0.59670619  0.53263754  0.55602552
  0.44136674  0.5824265   0.52860392  0.61721011  0.46646555  0.54399543
  0.4838312   0.38084531  0.40716112  0.4970062   0.57216064  0.56493528
  0.55732004  0.68659507  0.70347624  0.60780301  0.60376406  0.42232887
  0.26210156  0.33395622  0.36057376  0.53986454  0.4599441   0.54956555
  0.40109146  0.51837908  0.50019015  0.49724888  0.48307905  0.45056156
  0.6482067   0.50318737  0.49209696  0.29682445  0.34719577  0.38486142
  0.40039727  0.63790739  0.66008107  0.5022374   0.83491587  0.84351191
  1.07263646  0.95710259  0.80571067  0.29810436 -0.49244839 -1.26291998
 -0.48375068  0.        ],[0.71513501 0.70559269 0.76140137 0.72875681 0.3755592  0.64328874
 0.56773887 0.63244868 0.46239749 0.73654643 0.37729953 0.59937782
 0.53476738 0.67094875 0.30252808 0.39899414 0.44697455 0.63593916
 0.51886512 0.63488587 0.50543025 0.46673547 0.25698458 0.42301712
 0.38085284 0.62414925 0.54494862 0.6190822  0.38392012 0.59567865
 0.48804629 0.60660062 0.51015163 0.64888635 0.62425565 0.74327796
 0.58732927 0.50925405 0.46431127 0.63521311 0.64336812 0.77938135
 0.62474811 0.69830487 0.70848408 0.72509643 0.65425207 0.37259586
 0.25559541 0.24886159 0.41699911 0.5157135  0.3878781  0.65837497
 0.62562549 0.71610714 0.61913449 0.55462055 0.53204548 0.57253347
 0.48269681 0.57310684 0.56498546 0.53600712 0.42129276 0.52890275
 0.64101516 0.50917795 0.51942726 0.36484253 0.33422146 0.53568179
 0.67919761 0.8368885  0.97830754 0.71251143 0.55277469 0.02977054
 0.14048391 0.        ],[ 0.83174912  0.65763362  0.61557357  0.62506245  0.50766747  0.52061143
  0.33411261  0.49184376  0.39688884  0.59598561  0.51794257  0.69981092
  0.52869797  0.70555824  0.32326348  0.32399315  0.24590142  0.33474365
  0.42436379  0.63438937  0.56113471  0.62449642  0.4710829   0.5340871
  0.43798096  0.53060254  0.51343592  0.54882412  0.43546778  0.47613165
  0.51146757  0.50131787  0.54635091  0.45412024  0.61111237  0.60570794
  0.4595276   0.58312871  0.45975847  0.64585493  0.68150699  0.79758063
  0.79017725  0.63048319  0.64367078  0.55271349  0.55484379  0.56310655
  0.39605928  0.25634803  0.30022654  0.23229587  0.34371507  0.43511283
  0.5201822   0.56892437  0.58058971  0.52684827  0.45559237  0.54719731
  0.56906691  0.59876903  0.67075784  0.64581361  0.66550107  0.69782681
  0.56729526  0.51205194  0.22417919 -0.0175819  -0.11794217  0.03883174
  0.33370428  0.86726504  1.48091077  1.93251754  2.32193854  2.28342891
  0.92241316  0.        ],[0.45167286 0.46056431 0.5306856  0.56630209 0.36806113 0.37140671
 0.25129609 0.41260966 0.4357937  0.64682508 0.50045869 0.71195464
 0.61965247 0.69802248 0.46497151 0.39269301 0.25174841 0.30174074
 0.30743734 0.32039645 0.39543308 0.43646708 0.44039478 0.66504131
 0.63805176 0.49067877 0.46658263 0.50073449 0.37728533 0.46254273
 0.46868835 0.43674734 0.38470242 0.53130525 0.58993369 0.47970474
 0.45064594 0.52604959 0.50044688 0.62453445 0.62669305 0.6190676
 0.45403752 0.53826557 0.57746865 0.62781307 0.80101246 0.70155077
 0.53823777 0.33746864 0.28309942 0.33278167 0.39453588 0.46286512
 0.47323026 0.4661496  0.41093847 0.45762611 0.47010148 0.6104537
 0.49480394 0.61412838 0.48141757 0.6546266  0.7967554  0.87372174
 0.89528092 0.79522892 0.54739815 0.3418334  0.14945212 0.29336601
 0.61035299 0.98308522 1.78079273 2.43984289 2.97989782 3.09044152
 0.91470953 0.        ],[0.38432021 0.54051214 0.5405716  0.4293021  0.38785961 0.45972257
 0.39760177 0.32624747 0.33652287 0.36792595 0.41753022 0.41816826
 0.54237063 0.3870541  0.5253232  0.42761122 0.48396216 0.55894513
 0.29269305 0.23641122 0.36603539 0.26757802 0.30144147 0.42755906
 0.38031127 0.59115311 0.56055771 0.63259156 0.54096851 0.50959616
 0.5719794  0.56896295 0.51812088 0.40445027 0.48309271 0.60563636
 0.53685589 0.47693897 0.42814583 0.46899318 0.53003323 0.5638568
 0.58834763 0.70043189 0.59352889 0.50846492 0.38498786 0.47202897
 0.40026499 0.5174308  0.28526012 0.33694675 0.22707814 0.49730637
 0.47027807 0.56008705 0.54421506 0.6527622  0.60908765 0.70985845
 0.63667168 0.70620055 0.61785845 0.74804206 0.70728136 0.76543559
 0.79366104 0.73690561 0.58262096 0.28008388 0.15899691 0.23519539
 0.42232373 0.7855501  1.34885624 2.00210273 2.61325154 2.83899056
 1.20342366 0.        ],[ 0.41633677  0.4463541   0.3819307   0.31469172  0.46189131  0.45256697
  0.45339214  0.40836976  0.51207661  0.42123508  0.45424624  0.33841668
  0.64042642  0.62717962  0.62467109  0.33620894  0.32280467  0.44096612
  0.52302169  0.3893112   0.46144867  0.43546468  0.5108522   0.63318843
  0.55428281  0.57904888  0.60638561  0.5566379   0.6151495   0.53615276
  0.51807952  0.37959241  0.5564134   0.5418096   0.36959904  0.35086831
  0.27095124  0.32391968  0.39585916  0.55240449  0.58811988  0.59744861
  0.5270734   0.48764065  0.50818116  0.40631241  0.24232429  0.40417708
  0.25776908  0.49149407  0.47423289  0.72536219  0.4598897   0.53655798
  0.37327561  0.51493269  0.63700058  0.71591703  0.64926006  0.63422439
  0.66828815  0.54090597  0.5316077   0.57525924  0.70129828  0.72236252
  0.79089421  0.79225603  0.54303598  0.23493246  0.08941565 -0.13628091
 -0.06067638 -0.04358494  0.25064363  0.70090786  1.40121132  1.82779517
  0.74815012  0.        ],[ 1.0369347   0.4619159   0.33863022  0.46503366  0.27329564  0.24569091
  0.37992512  0.69098091  0.36464386  0.57162556  0.31111677  0.44492669
  0.49605599  0.72906573  0.69023773  0.63081589  0.59145578  0.49511754
  0.41558358  0.34408691  0.36420507  0.31621722  0.39663122  0.52158486
  0.46583678  0.30151957  0.31324982  0.41367609  0.66661196  0.59800509
  0.58273445  0.52510189  0.59053877  0.47508813  0.37056379  0.32380303
  0.2063587   0.40668666  0.41299814  0.47815918  0.44237037  0.44610462
  0.37360603  0.45523447  0.38891127  0.43443408  0.35654995  0.46697809
  0.42480317  0.58374834  0.4926265   0.62383889  0.56383156  0.43550147
  0.48013161  0.54307863  0.46904928  0.53191115  0.37943449  0.42904822
  0.57674599  0.69528988  0.71387459  0.61035079  0.62555352  0.49448176
  0.48421398  0.33510883  0.2217508   0.15349273  0.05042311 -0.04937328
 -0.01358722  0.07207865  0.26269139  0.58242908  1.16219571  1.70451638
  0.73860092  0.        ],[0.90261215 0.70095202 0.4968761  0.4253354  0.67186337 0.38559801
 0.58673025 0.53461047 0.52195477 0.43392339 0.5739951  0.33059925
 0.46498782 0.5475267  0.7507265  0.64973235 0.60714758 0.55379151
 0.55448579 0.40927036 0.40383204 0.37646372 0.34821239 0.28593388
 0.36049003 0.19973838 0.43799028 0.4843141  0.74110925 0.64297096
 0.57487679 0.4466752  0.50326938 0.4755042  0.42736342 0.43774277
 0.37308826 0.37007495 0.41496002 0.37808739 0.48068138 0.59370632
 0.56024589 0.48324299 0.49283827 0.56533767 0.45955836 0.55850231
 0.50640725 0.4547014  0.54099866 0.5110617  0.4231922  0.63737833
 0.58688733 0.72028268 0.52360545 0.53366047 0.38046489 0.71192339
 0.74160788 0.85600942 0.6971701  0.57568118 0.47618721 0.41608836
 0.54080426 0.50410277 0.44530984 0.31424959 0.21507645 0.11773445
 0.26306807 0.51213897 0.97166237 1.56835468 2.3332544  2.72342331
 1.2039544  0.        ],[ 0.56664467  0.61811719  0.52811023  0.46410264  0.73285812  0.47614737
  0.54438808  0.48207795  0.5764933   0.33580582  0.43039645  0.20201789
  0.46150012  0.5613796   0.62727641  0.55930752  0.51159601  0.44186053
  0.42989616  0.50128766  0.52804031  0.38028531  0.61408083  0.57790003
  0.38321471  0.4147865   0.49901005  0.48936404  0.58576554  0.50107788
  0.49463053  0.25314263  0.43597836  0.48701156  0.64801685  0.51042633
  0.47306731  0.36704739  0.61273086  0.45664412  0.56747364  0.56880434
  0.41469582  0.3590217   0.51894303  0.36684345  0.40139952  0.30060901
  0.4120054   0.53732938  0.54738557  0.43924196  0.38434565  0.49394219
  0.48624623  0.4632997   0.46324781  0.56778625  0.37518665  0.60969803
  0.50128867  0.69614817  0.485991    0.39002648  0.52402078  0.62108898
  0.6113735   0.43106275  0.22851024  0.10844917 -0.11035626 -0.13096605
  0.08311314  0.51900681  1.10321762  1.8805575   2.68904544  3.14736578
  1.56653358  0.        ],[ 1.0442122   0.62675159  0.58102401  0.7435012   0.64490626  0.56131924
  0.31912563  0.41576181  0.34706201  0.55076164  0.39501513  0.51592969
  0.37744748  0.67433401  0.61716127  0.53587652  0.46547891  0.34129368
  0.14365901  0.28942334  0.4997564   0.5532235   0.47007142  0.50339101
  0.47956464  0.46267001  0.360989    0.26265287  0.31271418  0.20888912
  0.22942485  0.46898602  0.48020223  0.41781435  0.60022944  0.45025859
  0.54208593  0.47703437  0.56829274  0.51417253  0.5599916   0.42843345
  0.29024085  0.45639981  0.57480178  0.56505167  0.61653334  0.49609762
  0.43244848  0.52810385  0.56875351  0.47145084  0.43003901  0.57081521
  0.48631963  0.50832351  0.39727537  0.39823169  0.35189221  0.50255314
  0.57791187  0.68786408  0.83233096  0.6436857   0.4971401   0.4679702
  0.61632241  0.66470854  0.55049929  0.2038357   0.0399987  -0.09530958
  0.0432011   0.54811869  1.22136281  2.09541256  2.91910622  3.39516169
  1.61421966  0.        ],[1.10227016 0.73591154 0.67663863 0.72998905 0.41690024 0.38143524
 0.22739185 0.35193292 0.22937007 0.43175031 0.37572884 0.65632393
 0.58802411 0.6912294  0.29554391 0.30515239 0.36353563 0.35605789
 0.35395802 0.44658073 0.63886419 0.73812101 0.49301227 0.45658809
 0.361972   0.306571   0.30452637 0.3601342  0.30510512 0.45646177
 0.41488943 0.40932078 0.46804529 0.48047779 0.49507799 0.35669534
 0.36351371 0.59611166 0.51026168 0.45177789 0.5392521  0.58482033
 0.58136886 0.58494734 0.51933455 0.37280159 0.25667459 0.19038683
 0.37843675 0.52056316 0.70155069 0.57580135 0.469541   0.41692345
 0.3408424  0.39568383 0.36824701 0.39032303 0.42971077 0.59819633
 0.57370175 0.66267415 0.65198389 0.5675187  0.48907164 0.39925337
 0.30407512 0.38409553 0.46024193 0.33868977 0.18795407 0.12349756
 0.18753292 0.70223914 1.43910216 2.15202715 2.95167401 3.02486755
 1.00491976 0.        ],[ 0.65821364  0.55102703  0.55130766  0.55559914  0.33375732  0.39860999
  0.55685259  0.51988476  0.55291505  0.43432609  0.52778388  0.5254799
  0.46108869  0.34966878  0.20693332  0.19983595  0.20381599  0.51499633
  0.71461584  0.88459744  0.94158275  0.7229958   0.52501971  0.20782172
  0.16975569  0.33891075  0.39260104  0.46556003  0.64203918  0.69214452
  0.44425719  0.35075849  0.2737807   0.30821247  0.41972473  0.31597866
  0.46169102  0.4758913   0.49417932  0.46195607  0.57542998  0.46251341
  0.37995479  0.40784012  0.35747269  0.40537071  0.14364109  0.48289355
  0.58574822  0.93430713  0.73152883  0.64498689  0.47175554  0.37497112
  0.25149828  0.24344715  0.3177383   0.33607707  0.45989937  0.60122509
  0.86196864  0.85746161  0.73778438  0.5092061   0.16003534  0.12416566
  0.23734478  0.42272638  0.50211122  0.37738923  0.3091779   0.14487687
  0.17685388  0.54974466  1.34100756  1.92997308  2.50980473  2.08640428
 -0.12713687  0.        ],[ 0.30464897  0.56998237  0.69719794  0.59497804  0.239799    0.51910883
  0.39577408  0.62308644  0.41689093  0.64873971  0.61642032  0.7533366
  0.64235102  0.25412135  0.24566063  0.19656109  0.52505328  0.64409295
  0.96679754  0.90260146  0.98813518  0.46306442  0.15544632 -0.14196988
  0.03092774  0.25996415  0.63371085  0.7355438   0.88146023  0.74360095
  0.54996607  0.34886324  0.19517933  0.32594238  0.49954322  0.67583281
  0.83129799  0.82904022  0.81836846  0.65033079  0.53363527  0.4071118
  0.28580604  0.31269947  0.33284427  0.38184968  0.49323244  0.77174835
  0.93184733  1.16116775  0.89842586  0.61626213  0.21340966  0.0091317
 -0.058557    0.11103159  0.38121698  0.51134474  0.63302461  0.83826728
  1.01480643  0.99322427  0.53364526 -0.02760615 -0.19571975 -0.04857927
  0.39683097  0.71799099  0.77232789  0.57167946  0.28354093  0.00446092
  0.26398124  0.56574768  1.38165017  2.04912848  2.60409853  2.75779246
  1.13909225  0.        ],[ 0.60696184  0.65928513  0.58268182  0.39259388  0.20830099  0.26016331
  0.31011547  0.3290184   0.56890453  0.66940775  0.98835372  0.73389057
  0.29870829 -0.18276068  0.1282511   0.2601521   0.57131101  0.52106384
  0.99985651  0.90032521  0.74433829  0.39775838 -0.16201672 -0.23032516
  0.25706214  0.73551793  1.08795571  0.84796205  0.7267186   0.76945718
  0.72521929  0.42312375  0.03289542  0.14383322  0.6201018   0.93147293
  0.87887883  1.08036435  0.93563332  0.53257506  0.37738132  0.15240868
  0.19220186  0.20888933  0.54336735  0.85196849  0.86979515  0.90463084
  1.14583161  1.3600995   0.98863573  0.30338538 -0.13945927 -0.14524366
  0.06614142  0.47629817  0.84246636  1.01305527  1.14519092  1.33052846
  1.41483392  0.98243483  0.13017334 -0.24498793 -0.53914244 -0.15160156
  0.61054246  1.15167314  1.0608213   0.27326674 -0.19391532 -0.24856498
 -0.06916542  0.57027537  1.05024392  1.6508318   2.47058317  3.03084482
  1.51835002  0.        ],[0. 0. 0. 0. 0. 0. 0. 0. 0. 0. 0. 0. 0. 0. 0. 0. 0. 0. 0. 0. 0. 0. 0. 0.
 0. 0. 0. 0. 0. 0. 0. 0. 0. 0. 0. 0. 0. 0. 0. 0. 0. 0. 0. 0. 0. 0. 0. 0.
 0. 0. 0. 0. 0. 0. 0. 0. 0. 0. 0. 0. 0. 0. 0. 0. 0. 0. 0. 0. 0. 0. 0. 0.
 0. 0. 0. 0. 0. 0. 0. 0.],