[-0.03402455  0.05809524  0.05138807  0.01032465  0.09942794  0.1767423
  0.14757251  0.27920901  0.21703086  0.28219229  0.33723912  0.41343511
  0.52616165  0.50316599  0.5814715   0.63450206  0.63961976  0.6887882
  0.80566842  0.        ],[0.59302431 0.43146815 0.40684432 0.44972944 0.42942317 0.50844321
 0.43467079 0.4012087  0.50800329 0.52692123 0.68579615 0.65202347
 0.46883487 0.51592339 0.60283129 0.50715075 0.51075862 0.47511329
 0.40045915 0.        ],[0.37831933 0.38815681 0.43781241 0.48796594 0.47310054 0.55196153
 0.52122506 0.51321871 0.57588281 0.58328198 0.68981318 0.68218972
 0.55212273 0.5727688  0.56453331 0.53721744 0.52294188 0.52455459
 0.40799733 0.        ],[-0.10313705  0.13053243  0.28053104  0.35059299  0.3717689   0.46120578
  0.47998145  0.58901573  0.50405393  0.53993692  0.50748538  0.58942181
  0.64299816  0.61248115  0.49429836  0.60974827  0.5627008   0.63656631
  0.56465576  0.        ],[0.39327365 0.128192   0.25942683 0.53511201 0.42623712 0.56548104
 0.44826116 0.55241656 0.45289486 0.57112121 0.46386782 0.5500675
 0.4092681  0.48858178 0.40848591 0.45383489 0.34188247 0.37193069
 0.25984736 0.        ],[0.2545808  0.11573999 0.27623684 0.51039366 0.36286481 0.50276803
 0.3431149  0.49239298 0.32417627 0.46455659 0.28832478 0.42921893
 0.25476461 0.40314548 0.20829314 0.35918651 0.17124807 0.32708583
 0.14961607 0.        ],[0.33202179 0.22827318 0.34986244 0.52689109 0.40968419 0.49318135
 0.37526339 0.44604522 0.3341872  0.40384777 0.29541633 0.35455679
 0.23882129 0.29424587 0.19027441 0.24868672 0.14176242 0.1998152
 0.09888719 0.        ],[0.48502507 0.06153268 0.15693942 0.43513616 0.20726345 0.37465074
 0.15018975 0.32275718 0.10433764 0.27779356 0.060869   0.2362808
 0.03136987 0.21039202 0.01448362 0.1958737  0.01058259 0.1900277
 0.01876478 0.        ],[0.40795795 0.07481854 0.07383604 0.21628477 0.1148194  0.2236
 0.12734357 0.24717441 0.14526355 0.27218349 0.16177361 0.3036956
 0.19256404 0.34167826 0.21766156 0.3711607  0.23832331 0.39379239
 0.24820725 0.        ],[0.40327577 0.11211258 0.2008431  0.43305165 0.31835128 0.45982117
 0.34823907 0.47280275 0.35585196 0.46897587 0.35295272 0.4573859
 0.33999022 0.43526486 0.31304573 0.39917836 0.27302915 0.35495194
 0.22561793 0.        ],[0.40324474 0.16598406 0.31695072 0.58116103 0.39498524 0.53946037
 0.34733264 0.48715651 0.29311367 0.43140964 0.24505413 0.38508457
 0.2032695  0.33506772 0.15563872 0.28829325 0.12007228 0.25768042
 0.09821436 0.        ],[0.49303967 0.12755225 0.20628451 0.44616815 0.26433655 0.40707187
 0.2232195  0.37501743 0.19916025 0.35336874 0.17248441 0.33494419
 0.15642733 0.31090358 0.12365461 0.28254746 0.10199009 0.25998713
 0.08353537 0.        ],[0.37801891 0.10760551 0.20257278 0.42061804 0.26296271 0.38755881
 0.22850278 0.35958887 0.19879177 0.32914899 0.16282057 0.29742212
 0.12619918 0.25981097 0.08762499 0.22563793 0.0513366  0.18582433
 0.02041282 0.        ],[0.37980074 0.08645294 0.12236437 0.28544582 0.15826488 0.25780395
 0.12792544 0.23052553 0.09959406 0.21050084 0.08484233 0.20256989
 0.07071222 0.19268612 0.06566569 0.19538327 0.06394405 0.19334666
 0.06436538 0.        ],[0.28285216 0.049304   0.10046177 0.26046958 0.16657083 0.27148957
 0.17746802 0.27957154 0.18712107 0.29101948 0.20116233 0.30000721
 0.2025665  0.2989521  0.20526157 0.30270385 0.20562172 0.29806494
 0.19746639 0.        ],[0.40287348 0.12626795 0.20457827 0.40980448 0.27266869 0.39964887
 0.2670769  0.39447538 0.25603548 0.3796207  0.24252863 0.36736765
 0.23027494 0.35596256 0.22521094 0.35229021 0.21830511 0.34026377
 0.20460163 0.        ],[0.12129971 0.07432376 0.21574369 0.3925242  0.29446036 0.39827349
 0.30405009 0.40934066 0.30740183 0.41559223 0.30881073 0.41894362
 0.30676951 0.41387395 0.29765829 0.40197057 0.27594292 0.3755271
 0.2413538  0.        ],[0.10567031 0.17838147 0.37910795 0.56785761 0.46366264 0.55835034
 0.44278105 0.52564833 0.40701259 0.47310593 0.34075306 0.40231959
 0.26587769 0.31788018 0.18098207 0.2335119  0.09306675 0.15272267
 0.01162956 0.        ],[ 0.11145613  0.12448773  0.30720818  0.48517458  0.30227741  0.36050788
  0.19211417  0.25239451  0.07039743  0.15226762 -0.00849315  0.07132218
 -0.08302929 -0.00160533 -0.14777686 -0.08008278 -0.22591986 -0.17534789
 -0.33162462  0.        ],[0. 0. 0. 0. 0. 0. 0. 0. 0. 0. 0. 0. 0. 0. 0. 0. 0. 0. 0. 0.],