[ 0.50234947  0.46799363 -0.09580797 -0.50845379  0.57405813  0.41949552
  0.31748232  0.73951518  0.81682794  1.51844835  0.58025639  0.43918224
  0.18798912  0.15377908  0.        ],[1.29033304 0.50964247 0.53100071 0.47892326 0.39136118 0.67737114
 0.7422951  0.51728984 0.60786402 0.64216113 0.59752768 0.40440339
 0.30315145 0.42435498 0.        ],[1.19528876 0.47963924 0.56269612 0.50204569 0.24569858 0.49084541
 0.60064459 0.63876012 0.75586814 0.79574487 0.64916173 0.59872108
 0.49099595 0.61670463 0.        ],[0.8246071  0.64534519 0.50085237 0.60470586 0.36878015 0.4572454
 0.63402461 0.88454402 0.94709438 0.74231108 0.63583802 0.76195319
 0.64449484 0.72359356 0.        ],[1.31886639 0.60688186 0.60785269 0.38212463 0.39562646 0.48571615
 0.50702977 0.71984568 0.72946584 0.6614328  0.73670654 0.59935814
 0.58736891 0.6515084  0.        ],[1.04669929 0.25575801 0.26878798 0.26119981 0.61541178 0.7170698
 0.70768692 0.46845211 0.52287733 0.3661871  0.63125857 0.62351381
 0.59068981 0.36615559 0.        ],[1.28315664 0.03631411 0.15513415 0.49001437 0.46326405 0.48933597
 0.74123608 0.54957991 0.34707705 0.30318253 0.12496619 0.28507514
 0.39129341 0.1788704  0.        ],[ 3.66317421e-01  1.50747859e-01  4.73714787e-01  8.72468365e-01
  3.75363281e-01  3.52406332e-01  5.47155738e-01  6.52013030e-01
  5.56253139e-01  3.43994746e-01  1.46624342e-02 -1.17955961e-02
 -5.96407988e-06 -3.71465417e-05  0.00000000e+00],[ 0.04665998  0.18544396  0.33098082  0.78595646  0.44887966  0.40036138
  0.60497181  0.69516865  0.58248866  0.20678957 -0.0617281  -0.1664219
 -0.01554878  0.14121995  0.        ],[ 0.26874532 -0.04804115  0.26352804  0.71601515  0.47933076  0.61445325
  0.47022219  0.32302874  0.33739616  0.18215188 -0.02878413 -0.22722854
  0.02095078  0.15576608  0.        ],[ 0.5378582   0.01981287  0.23029709  0.58629449  0.57810425  0.56458841
  0.45475572  0.47441566  0.35883765  0.19525357  0.04572639 -0.11043908
  0.00139918  0.10891218  0.        ],[ 0.29405809  0.08054189  0.16121413  0.54714421  0.57959356  0.49650825
  0.65452667  0.75539528  0.59347141  0.0680724  -0.04443795  0.07220821
  0.00345507 -0.08718675  0.        ],[-0.17407602  0.08972444  0.38939872  0.62960701  0.45157603  0.34812319
  0.54695836  0.57422437  0.48104073  0.0038142  -0.01510667  0.01489813
  0.00076103 -0.01542487  0.        ],[-3.99583111e-02  1.70003671e-01  3.52351520e-01  4.88545601e-01
  5.41820544e-01  5.56786790e-01  4.59725395e-01  3.49247036e-01
  4.02646159e-01  2.33271192e-01  9.37514717e-03 -8.23741165e-03
 -9.12162732e-05  1.07538350e-03  0.00000000e+00],[0. 0. 0. 0. 0. 0. 0. 0. 0. 0. 0. 0. 0. 0. 0.],