[-0.7345015   0.50637591  0.8310411   0.65205055  0.82061471  0.73249477
  0.45418608  0.53006243  0.09859899  0.82648163  0.79362229 -0.40623324
  0.18496891  0.68008151  0.        ],[-0.46292136  0.6165364   0.33438492  0.44896111  0.79594419  0.74961925
  0.40988261  0.19371749  0.38137322  0.44431759  0.54757737  0.60159071
  0.60424973  0.51455538  0.        ],[0.18462729 0.50097711 0.48132839 0.70554642 0.80473754 0.69350243
 0.38332577 0.24339669 0.26942569 0.47435858 0.53481423 0.67754102
 0.68806448 0.50780396 0.        ],[0.8454984  0.5083818  0.64708067 0.54619975 0.48514754 0.37191712
 0.52402969 0.52073355 0.23135693 0.41661594 0.37270031 0.40517704
 0.54408128 0.55007434 0.        ],[0.71887047 0.37444265 0.54204466 0.70996533 0.64305683 0.58496779
 0.69742477 0.67798836 0.35690929 0.34617456 0.33685738 0.35021595
 0.35390817 0.47920559 0.        ],[0.47620261 0.59680204 0.71086983 0.80222273 0.71211041 0.52880941
 0.54347731 0.65748462 0.50159848 0.52274845 0.62663723 0.48221064
 0.48553912 0.57081983 0.        ],[-0.35090765  0.50904344  0.48037516  0.63671897  0.44193174  0.26912073
  0.45575654  0.47932823  0.4449673   0.37217415  0.44390277  0.34792428
  0.20468282  0.20436263  0.        ],[1.06284780e-02 4.35682901e-01 5.11884348e-01 3.57989808e-01
 2.30434077e-01 2.73052878e-01 5.54546952e-01 5.54311013e-01
 5.90795525e-01 4.28048133e-01 2.85550809e-01 1.55300044e-01
 4.56873408e-02 1.24843113e-04 0.00000000e+00],[ 0.54716432  0.50007588  0.37895242  0.5085637   0.50802821  0.66681892
  0.66519765  0.49287938  0.73411499  0.52544568  0.46880456  0.11955316
 -0.12909711 -0.00525987  0.        ],[ 0.21979782  0.66739878  0.58867601  0.37873468  0.32810939  0.53785733
  0.45523723  0.44349489  0.7029797   0.2596651   0.05989092 -0.06592575
  0.21179471  0.31135985  0.        ],[ 0.26391682  0.53751232  0.45605969  0.32490525  0.31423266  0.62770648
  0.58647521  0.66646022  0.72626803  0.2733618  -0.03617259 -0.05689276
 -0.01331178  0.07057064  0.        ],[0.87178648 0.51374258 0.35728582 0.27764558 0.56000367 0.63673395
 0.62952176 0.50392963 0.41584818 0.53493161 0.37424042 0.16170706
 0.1038222  0.0212303  0.        ],[0.57477939 0.55517798 0.45461621 0.37811189 0.60619453 0.54037639
 0.61872068 0.59370633 0.51435218 0.85756553 0.8275751  0.72574756
 0.13016089 0.14437859 0.        ],[ 0.35899608  0.44769103  0.39127881  0.3386293   0.53969969  0.44247452
  0.57906838  0.38639972  0.64288648  0.70241581  0.50052224  0.43366773
 -0.02404544  0.08913956  0.        ],[0. 0. 0. 0. 0. 0. 0. 0. 0. 0. 0. 0. 0. 0. 0.],