[ 0.01735362  0.70778682  0.75859617  0.45312774  0.49907546  0.51403721
  0.15168444  0.27481033  0.30868501  0.39704278  0.42991211  0.39762427
 -0.04975588  0.09836101  0.58704835  0.52311502  0.52179713  0.40927833
  0.06659969  0.        ],[0.34073932 0.78271356 0.75094869 0.47993357 0.37382558 0.55111786
 0.4095361  0.53611357 0.52266545 0.57996031 0.52680893 0.4414032
 0.60905058 0.56155602 0.48724886 0.45010117 0.52243052 0.41911783
 0.30568132 0.        ],[0.6354215  0.84414271 0.77087137 0.38798428 0.48921953 0.41757858
 0.46290827 0.67175342 0.49836724 0.50073209 0.64599957 0.70281336
 0.64556537 0.68037851 0.56804701 0.58462551 0.49932731 0.44881981
 0.43368685 0.        ],[0.82030049 0.61714699 0.65529407 0.21749683 0.20104897 0.26524639
 0.29115839 0.72128446 0.71807444 0.42108196 0.58558064 0.80050082
 0.77711332 0.79996624 0.79459939 0.65679695 0.41216005 0.45683914
 0.45348541 0.        ],[0.50238947 0.60979237 0.42965671 0.35854568 0.37817584 0.5567606
 0.39851307 0.655388   0.48179695 0.24488947 0.51634031 0.59920889
 0.39163705 0.69921504 0.77973306 0.5281784  0.33397924 0.41086945
 0.38101112 0.        ],[-0.32980076  0.66449248  0.62070351  0.64851686  0.63177014  0.51527899
  0.54882244  0.52815352  0.41398035  0.30945471  0.47022303  0.62598531
  0.36361436  0.4662308   0.44079356  0.41699047  0.39482716  0.55969983
  0.40630364  0.        ],[-0.27374374  0.53489138  0.44394717  0.6570742   0.65044909  0.4596885
  0.47272844  0.30848779  0.40863745  0.59903259  0.34504119  0.3601678
  0.60483395  0.56082454  0.39957578  0.63689446  0.4631532   0.44023406
  0.53932161  0.        ],[0.4619698  0.36232188 0.54294058 0.53923997 0.72713433 0.70400882
 0.43724458 0.39492358 0.34759083 0.54149255 0.45527623 0.25681315
 0.45122936 0.32699923 0.26593014 0.4517144  0.40141109 0.61765415
 0.5259236  0.        ],[-0.20317629  0.39016797  0.55555778  0.72838881  0.64310894  0.52559795
  0.42611422  0.51773163  0.61500513  0.60168049  0.45290769  0.40731873
  0.38971344  0.35991625  0.36569094  0.39850742  0.31965391  0.29671021
 -0.00288205  0.        ],[-0.09002185  0.28342539  0.61542626  1.07309076  0.74404805  0.5076848
  0.48991561  0.53061472  0.61348104  0.58179577  0.49358484  0.66326127
  0.37020063  0.22607445  0.27335336  0.32160015  0.08404801 -0.06768517
 -0.03737839  0.        ],[ 0.97662223  0.1836133   0.53363514  1.18452828  0.88178785  0.46125097
  0.44657004  0.63590531  0.69664043  0.73794098  0.85044945  0.87154215
  0.49662377  0.3278636   0.38264974  0.19256708 -0.01660424  0.08078503
 -0.003966    0.        ],[ 1.51214564  0.11601324  0.23698285  1.02018504  0.82047725  0.53474157
  0.68485644  0.6253428   0.59311648  0.68058811  0.80088611  0.5943295
  0.48624934  0.24157664  0.4360866   0.18735663 -0.04928378  0.04657019
  0.00167166  0.        ],[0.98870135 0.26459574 0.40450067 0.57532827 0.53602635 0.55060962
 0.72659082 0.54977251 0.57383253 0.42321745 0.5730069  0.41779804
 0.57154012 0.4039824  0.48115083 0.39578506 0.33172993 0.37117729
 0.34373071 0.        ],[-0.32097217  0.2029011   0.20596774  0.60485945  0.59967091  0.62211057
  0.7639134   0.68246601  0.52459649  0.44508525  0.41088719  0.24244949
  0.41522449  0.56331265  0.46249163  0.3858963  -0.02424178  0.13923121
  0.1716015   0.        ],[ 0.0193023   0.3093864   0.54246815  0.84376959  0.70303403  0.57030485
  0.72630897  0.83619214  0.57831618  0.41971682  0.4249485   0.47052901
  0.54833938  0.48251542  0.4466621   0.36215146 -0.00614116 -0.01289973
 -0.00578856  0.        ],[-0.023894   -0.05401852  0.50400983  0.99876698  0.8812928   0.7140864
  0.39192894  0.78543647  0.80994432  0.48895297  0.38593215  0.33530304
  0.56934333  0.49043718  0.35553177  0.35054824  0.13946315  0.03422673
  0.06395768  0.        ],[-0.10693712 -0.01888925  0.31865978  0.67380178  0.73885243  0.6988625
  0.27629355  0.5767925   0.82330239  0.66557861  0.62931237  0.39851223
  0.23047726  0.25484976  0.42777106  0.34285382  0.06265819  0.00512676
  0.01746582  0.        ],[ 2.47654514e-01  1.96825241e-01  3.27933839e-01  5.37534354e-01
  5.69840646e-01  5.41895726e-01  3.46579898e-01  3.79072269e-01
  5.01347605e-01  3.63516717e-01  3.41190385e-01  4.01530092e-01
  3.13199386e-01  2.94141594e-01  4.86032306e-01  3.86159199e-01
  4.40041844e-02 -7.24112818e-03 -3.46967168e-04  0.00000000e+00],[ 6.55086351e-02  1.14043498e-01  3.37738644e-01  5.96228279e-01
  5.18099354e-01  4.21190447e-01  5.41527871e-01  4.80160039e-01
  4.07507041e-01  2.14600255e-01  2.19301187e-01  5.00656544e-01
  7.02733042e-01  5.11219902e-01  4.01035540e-01  3.42299716e-01
  4.21090834e-02 -6.77669479e-03  1.01085287e-04  0.00000000e+00],[0. 0. 0. 0. 0. 0. 0. 0. 0. 0. 0. 0. 0. 0. 0. 0. 0. 0. 0. 0.],