[ 2.47624167  0.3191232  -0.07677347  0.35918527 -0.29171247  0.44399663
  1.03091709  0.39223198 -0.5652949   0.36608131  0.11243156 -0.22876965
  0.08014556  0.41184496  0.15352989  0.55520399  0.63251131  0.88884965
  0.67557167  0.        ],[0.14944771 0.40524796 0.39929428 0.73764207 0.77559218 0.81557788
 0.66687602 0.69871654 0.61882506 0.51029566 0.7428211  0.62985013
 0.63166003 0.6758708  0.46165677 0.60874159 0.38859276 0.54269032
 0.53303407 0.        ],[0.01635752 0.53026024 0.39336307 0.66361326 0.70729096 0.78112846
 0.6554041  0.76122272 0.75072024 0.73332987 0.79285001 0.78579863
 0.66620258 0.42271647 0.49190424 0.6954384  0.41824853 0.33144702
 0.44482517 0.        ],[0.8665821  0.5110539  0.53658    0.4365069  0.4280927  0.40819393
 0.38817765 0.68318407 0.70449332 0.79806489 0.69962752 0.84185869
 0.59211206 0.27338005 0.52275633 0.56012162 0.54518201 0.23869453
 0.38074825 0.        ],[-0.20425195  0.45611517  0.46503694  0.57965815  0.52258643  0.26479256
  0.19816362  0.46857673  0.72748426  0.57617876  0.4255195   0.59844042
  0.72362229  0.41783274  0.68412565  0.70156761  0.6225254   0.25897502
  0.34082128  0.        ],[-0.58635677  0.45934863  0.30607537  0.41222954  0.54063598  0.42247766
  0.25561613  0.70239103  0.71205328  0.56215803  0.3628893   0.36629559
  0.63631162  0.55542643  0.65982079  0.76885847  0.63193086  0.39415578
  0.54804756  0.        ],[0.4260911  0.48834991 0.31573214 0.3802179  0.63633238 0.54770126
 0.36231    0.75719315 0.73283157 0.70374154 0.53913328 0.29660737
 0.31405113 0.37846692 0.64031154 0.73549657 0.59812672 0.48154208
 0.59679667 0.        ],[0.4164618  0.47130934 0.42593653 0.58554009 0.53770928 0.65573727
 0.63327803 0.578141   0.48617849 0.51172399 0.42901942 0.23630819
 0.21996148 0.32284802 0.34444158 0.56414072 0.5399557  0.46928016
 0.51355569 0.        ],[0.16757828 0.36680836 0.3397572  0.68306354 0.4431746  0.44094678
 0.53701607 0.402941   0.44634639 0.51339606 0.60831216 0.55120564
 0.26674049 0.35146637 0.4695141  0.57699458 0.56797305 0.23573541
 0.19487704 0.        ],[0.735961   0.55315068 0.44320376 0.55319047 0.35551834 0.413363
 0.58706531 0.6119605  0.42560544 0.41315798 0.56965846 0.57007269
 0.45860168 0.53103723 0.52560416 0.4477924  0.35889721 0.1071808
 0.07646875 0.        ],[ 0.69392288  0.50198974  0.63612234  0.76323281  0.56845777  0.39064939
  0.65371461  0.65710107  0.48703327  0.59667538  0.45748286  0.48182118
  0.43957289  0.43162486  0.50575949  0.55882481  0.19983778 -0.03319677
 -0.08207246  0.        ],[ 1.01768927  0.4078247   0.48677006  0.59606618  0.50932962  0.7176591
  0.64967435  0.51554699  0.64373243  0.51903063  0.39510155  0.51376026
  0.32720658  0.33023294  0.36460995  0.49050937  0.33842154 -0.01896009
 -0.05459582  0.        ],[1.51448701 0.36837625 0.51145779 0.39900432 0.36356438 0.60854994
 0.47654861 0.6896269  0.6407983  0.49070258 0.56594317 0.6654156
 0.43436943 0.40140343 0.60900415 0.37472885 0.37672562 0.21247776
 0.2654213  0.        ],[0.6685744  0.32022616 0.44651918 0.68123581 0.3663681  0.2826168
 0.44505487 0.66697437 0.46422158 0.40563713 0.50693238 0.51805216
 0.38224276 0.56868011 0.67050716 0.53174838 0.16268381 0.15884615
 0.16518752 0.        ],[0.25077845 0.59700427 0.67112553 0.62142798 0.31581931 0.44062805
 0.65091216 0.59834306 0.47324253 0.58552776 0.58661755 0.31477502
 0.38585007 0.58735348 0.63810367 0.50972178 0.04962687 0.03023295
 0.0304428  0.        ],[1.10242664 0.52316163 0.5664976  0.58218697 0.63444072 0.76573185
 0.7442079  0.62867942 0.39132663 0.36256173 0.31512682 0.2277862
 0.35442024 0.46214439 0.36165132 0.46493341 0.32040848 0.07780876
 0.04738884 0.        ],[ 0.27860162  0.34343651  0.58201697  0.76444558  0.76765248  0.81784746
  0.77559703  0.81814496  0.67937526  0.66500252  0.573558    0.38853053
  0.32130633  0.34668289  0.45227469  0.47223929  0.40901177  0.05836615
 -0.0889155   0.        ],[0.71367158 0.70981009 0.6382571  0.5885478  0.69672375 0.52764403
 0.5632955  0.6763661  0.53553921 0.55079543 0.57050671 0.37216173
 0.44233165 0.30123836 0.46070692 0.43851417 0.48280185 0.35047041
 0.17471051 0.        ],[0.56727706 0.73889206 0.62649879 0.46798826 0.71321246 0.47816308
 0.53522699 0.44394332 0.46576064 0.59346466 0.58174723 0.41842942
 0.42730825 0.57070999 0.49870684 0.47218804 0.26486143 0.23908783
 0.23882363 0.        ],[0. 0. 0. 0. 0. 0. 0. 0. 0. 0. 0. 0. 0. 0. 0. 0. 0. 0. 0. 0.],