[ 0.28766903  0.14583265  0.5059502   1.11659081  1.33669232  1.15585794
  0.22979167 -0.34346318 -0.44220857  0.45321508  0.4914808  -0.03903669
  0.17696804  1.11328157  0.88873405  0.87706703  0.47609541  0.32412124
  0.084926    0.        ],[-0.30755052  0.57746976  0.52181348  0.33651256  0.3502649   0.54576934
  0.32383172  0.29075198  0.53002781  0.43739811  0.39989497  0.33613565
  0.31495848  0.35709149  0.62156363  0.54673034  0.48012043  0.44102622
  0.62913877  0.        ],[0.11378556 0.64642304 0.50895146 0.50166595 0.52736551 0.53965023
 0.52125025 0.33265229 0.38000166 0.53624661 0.49395724 0.32006949
 0.4046376  0.41274612 0.51406495 0.48796208 0.39845965 0.44404758
 0.58284276 0.        ],[0.83219805 0.70025333 0.74460166 0.52005758 0.3170204  0.49887176
 0.67554874 0.5918378  0.60900442 0.71726562 0.70912896 0.57536977
 0.61013033 0.47169816 0.54981242 0.25121352 0.20137611 0.34819017
 0.25873238 0.        ],[0.44363286 0.4202056  0.54648096 0.56380037 0.41688498 0.57857869
 0.60402485 0.45768467 0.59993261 0.34292027 0.43390824 0.50778293
 0.45085813 0.42663716 0.4760324  0.41326493 0.35092517 0.26922182
 0.36085219 0.        ],[1.41817404 0.33195814 0.33131554 0.53298136 0.66202303 0.47185873
 0.47193128 0.44662646 0.35325017 0.33579019 0.4438484  0.30661142
 0.44208332 0.60709316 0.48176581 0.4499161  0.63201652 0.48544857
 0.29370272 0.        ],[1.69936621 0.3333124  0.3251271  0.44054143 0.57551901 0.6816352
 0.65460043 0.45259305 0.31017887 0.60120302 0.44276368 0.19051282
 0.1800269  0.35193394 0.6659376  0.57096747 0.55023969 0.39791675
 0.3722237  0.        ],[0.88903925 0.36058728 0.67855332 0.63454718 0.4534848  0.71818969
 0.61311    0.66965258 0.54920358 0.58672302 0.50921781 0.45246018
 0.3440538  0.4974599  0.65805715 0.45492553 0.51116255 0.36450314
 0.29328029 0.        ],[1.24775066 0.05553266 0.46686138 0.63820716 0.63761058 0.56463363
 0.36646968 0.52463429 0.37145381 0.37317987 0.74165306 0.79687651
 0.66712333 0.59210969 0.31257124 0.1475865  0.08103892 0.09125912
 0.07398147 0.        ],[ 0.52412327  0.24700332  0.43673279  0.77326232  0.70312663  0.59385911
  0.53221807  0.44188647  0.34002325  0.36467264  0.64256582  0.78767118
  0.79542881  0.47210297  0.12185343  0.08998214  0.03988223 -0.07547295
 -0.04364521  0.        ],[0.36073243 0.10296374 0.41347686 0.7897692  0.50614809 0.39044448
 0.42891365 0.25818909 0.23518785 0.54311256 0.40217128 0.46065251
 0.72755803 0.33502576 0.01976719 0.06324006 0.00676733 0.07278099
 0.10906645 0.        ],[0.79346624 0.1035916  0.16490165 0.71697542 0.55955197 0.52414404
 0.62934123 0.46468146 0.30264868 0.52085114 0.5806755  0.55556554
 0.71557557 0.49993618 0.3438316  0.23212907 0.22708062 0.00704316
 0.35666656 0.        ],[1.20237019 0.30882883 0.24726026 0.5324174  0.38824338 0.48748273
 0.47350646 0.53770225 0.61402136 0.63850218 0.55033873 0.51933081
 0.63867225 0.73235876 0.6555085  0.31113679 0.25551323 0.07500012
 0.26109162 0.        ],[0.96859198 0.30675577 0.42951566 0.34702672 0.21377719 0.39677806
 0.33416593 0.41625191 0.50729594 0.33631794 0.50525225 0.6160749
 0.51271509 0.56608601 0.33299522 0.07405419 0.03856815 0.05316987
 0.05944909 0.        ],[0.17735311 0.17789512 0.3159921  0.47021822 0.42406074 0.49742092
 0.23563836 0.2830469  0.50370085 0.52938437 0.51910946 0.65942876
 0.32599191 0.38478937 0.05100015 0.07570094 0.03671046 0.03242528
 0.0167216  0.        ],[ 0.17956759  0.17595878  0.38150113  0.4661701   0.64404044  0.59182044
  0.41610366  0.56756612  0.65413039  0.54799912  0.7675033   0.8097201
  0.30486438  0.1017722   0.01025222  0.00664887 -0.07896602 -0.10259711
 -0.05133421  0.        ],[ 0.05706271  0.06186083  0.34916229  0.66547385  0.67227108  0.54990772
  0.36235791  0.70700273  0.76780368  0.73223695  0.79289679  0.66754285
  0.43662903  0.14760541  0.24819916  0.19116367  0.01075959 -0.02048296
 -0.01172955  0.        ],[ 1.19256700e-01  1.76254976e-01  4.35396566e-01  6.76409069e-01
  3.99400071e-01  3.50000101e-01  3.35211024e-01  7.53305921e-01
  8.83027373e-01  6.44889806e-01  6.02833184e-01  5.00188591e-01
  4.19682254e-01  2.50878603e-01  5.02874392e-01  3.77793110e-01
  3.57959272e-02 -1.11211125e-02 -5.06822323e-04  0.00000000e+00],[-7.89399182e-02  1.75087668e-01  5.19237970e-01  7.91045075e-01
  6.14084610e-01  5.58876697e-01  5.10812744e-01  7.74051474e-01
  7.17564861e-01  4.47872234e-01  4.42750094e-01  5.85844978e-01
  4.39114618e-01  3.31727314e-01  6.58488572e-01  5.07995982e-01
  5.76867280e-02 -8.03179116e-03  2.96503901e-04  0.00000000e+00],[0. 0. 0. 0. 0. 0. 0. 0. 0. 0. 0. 0. 0. 0. 0. 0. 0. 0. 0. 0.],