[-0.01458292  0.36722913  1.09612069  1.72728817  1.30031382  1.01127596
  0.19992731  0.293569    0.25459322  0.16117925 -0.24907466 -0.20301638
 -0.19993744 -0.08872969  0.        ],[0.69312943 0.21267736 0.40890284 0.61338849 0.57874209 0.62759464
 0.45265111 0.52902917 0.37125981 0.29979734 0.36361153 0.43986666
 0.45050162 0.33485    0.        ],[0.56985883 0.23625883 0.36299438 0.61753654 0.52219909 0.69509077
 0.61591062 0.66390396 0.64942145 0.49561543 0.60984806 0.65897956
 0.48045431 0.31087223 0.        ],[0.06827116 0.54363131 0.58000312 0.64909277 0.55066985 0.64185646
 0.66511314 0.70233622 0.58915646 0.60365067 0.5573248  0.54528567
 0.20806637 0.11770194 0.        ],[0.3238082  0.59717667 0.65915618 0.63019503 0.60688208 0.50493259
 0.76132677 0.70135817 0.69972948 0.3904472  0.3286566  0.38939892
 0.38886958 0.32496044 0.        ],[0.55064175 0.36639777 0.66186452 0.65905491 0.69608275 0.5634785
 0.72958793 0.84793509 0.6955909  0.26481653 0.39946268 0.57116742
 0.67335855 0.28530725 0.        ],[-0.48595162  0.15172961  0.43510138  0.86859702  0.51936864  0.55605554
  0.45194524  0.72254095  0.37833391 -0.13220851  0.12685643  0.17121931
  0.46031785  0.17088964  0.        ],[ 0.98395498  0.15770268  0.38128421  1.00276114  0.61866851  0.46425889
  0.45459479  0.64985675  0.35334161 -0.01673878  0.06776901  0.07163177
  0.02401537 -0.00741701  0.        ],[ 0.28041823  0.28094855  0.25466296  0.81227763  0.59964646  0.65704781
  0.78883122  0.73933503  0.56785659  0.10703187 -0.19399375 -0.07124395
 -0.06266742  0.30941519  0.        ],[-0.15398836  0.21593109  0.3276498   0.93363841  0.55625194  0.54872213
  0.86706744  0.74737056  0.33813423 -0.31934761 -0.46463294 -0.10121809
  0.45428411  1.17306455  0.        ],[ 0.69790715  0.04188353  0.16049124  0.79256738  0.83336383  0.74435244
  0.60484523  0.53507353  0.29036188 -0.20055882 -0.161143   -0.01392532
  0.17998492  0.27887094  0.        ],[ 0.47984122  0.17461511  0.41342158  0.84742986  0.75323449  0.71129652
  0.51026171  0.29682513  0.36418865  0.07930759  0.11856181  0.1006907
 -0.01062144 -0.01909772  0.        ],[ 0.51747637  0.22117734  0.42738434  0.78161162  0.53390321  0.475203
  0.33183328  0.22114317  0.19658523 -0.07801188  0.01810245  0.02139388
 -0.00556282 -0.00278422  0.        ],[ 1.57226379e-01  4.14974957e-02  3.23414774e-01  6.90503267e-01
  4.98628480e-01  5.21624801e-01  3.12798103e-01  9.88004574e-02
  1.82563480e-01  2.09915939e-02  2.57307610e-04  3.06896860e-03
  3.53951113e-05 -1.19552054e-04  0.00000000e+00],[0. 0. 0. 0. 0. 0. 0. 0. 0. 0. 0. 0. 0. 0. 0.],