[0.49063594 0.2972951  0.32649347 0.48955458 0.63550526 0.85588921
 0.5649477  0.24819117 0.45091737 1.19369661 0.8551689  0.75309363
 1.0179129  0.77301659 0.75492604 0.63675818 0.84839321 0.59879356
 0.30372472 0.        ],[0.58963451 0.4319341  0.45460335 0.51011191 0.35515654 0.59817471
 0.53380337 0.51730922 0.55798382 0.58690097 0.48004729 0.69774702
 0.52893333 0.45091215 0.45998018 0.51003442 0.64933088 0.63575734
 0.46654999 0.        ],[0.46444601 0.37403826 0.4516418  0.53946974 0.32853259 0.46929092
 0.62461812 0.6385405  0.48718143 0.35564016 0.41710512 0.67373567
 0.38763309 0.49623136 0.48785581 0.56166418 0.46397823 0.61526179
 0.41607765 0.        ],[0.38907571 0.29941686 0.39323302 0.54393052 0.44627792 0.45137456
 0.67883704 0.60879809 0.3677518  0.41045217 0.51767581 0.62527315
 0.466614   0.66980267 0.62724606 0.64637485 0.3651973  0.5508123
 0.31692098 0.        ],[0.78140614 0.52914101 0.48349337 0.54224927 0.50431794 0.57057055
 0.44626501 0.5313236  0.53356293 0.58786259 0.4976152  0.53297843
 0.51452749 0.52314707 0.47301787 0.53037379 0.54396691 0.55695932
 0.5575682  0.        ],[0.14797541 0.29216043 0.57546922 0.82380947 0.68864448 0.81243269
 0.70259162 0.81914031 0.67719101 0.80042811 0.68507624 0.81203154
 0.6788939  0.81167944 0.68825819 0.80727294 0.66762196 0.79840545
 0.66320039 0.        ],[-0.00522997  0.22947344  0.5004828   0.69661078  0.60311944  0.70269708
  0.60497413  0.70338076  0.61648753  0.71070543  0.61853007  0.70969908
  0.62424418  0.71182467  0.62561531  0.71477369  0.63432103  0.71829766
  0.63685309  0.        ],[0.45515087 0.4992829  0.5637412  0.61397527 0.58400074 0.61069757
 0.58146599 0.6090533  0.57641148 0.60560143 0.57392167 0.60452185
 0.57056094 0.60280405 0.56864861 0.60105705 0.56509067 0.59930268
 0.56356019 0.        ],[0.08212269 0.26943686 0.41821121 0.50073356 0.46715831 0.50164595
 0.47090861 0.50182035 0.47527033 0.50296708 0.47905886 0.50360012
 0.48320157 0.50505425 0.48647158 0.50648295 0.48954073 0.50752867
 0.49114233 0.        ],[0.56791423 0.62804811 0.70939667 0.77173137 0.73839467 0.77114961
 0.7375375  0.77102854 0.73655423 0.77061714 0.73570799 0.77050859
 0.73482106 0.77022349 0.73416385 0.77000914 0.73357558 0.76987755
 0.73343289 0.        ],[0.631132   0.68171929 0.6885991  0.67352997 0.6837031  0.67178862
 0.68272949 0.67003347 0.68182136 0.66844133 0.68091344 0.66685124
 0.68012252 0.66568254 0.67948356 0.66494283 0.6789775  0.6642845
 0.67842648 0.        ],[0.28536272 0.30660801 0.37608964 0.44294679 0.40673451 0.44401514
 0.40737246 0.44485453 0.4079258  0.44558004 0.40842581 0.44625702
 0.40885423 0.44674786 0.40915363 0.4470272  0.40929017 0.44715802
 0.4092944  0.        ],[0.00157141 0.27673855 0.34903047 0.30751521 0.34192137 0.30506567
 0.34084729 0.30371237 0.34006615 0.30263623 0.33938613 0.30168674
 0.33875099 0.30083587 0.33813855 0.30006955 0.33757903 0.29952689
 0.33710538 0.        ],[0.631718   0.47951019 0.30475049 0.17931263 0.24336636 0.17924899
 0.24325949 0.17893498 0.24314787 0.17879858 0.24311344 0.17875502
 0.24309501 0.1787321  0.24313536 0.17871209 0.24315707 0.1786885
 0.24319492 0.        ],[0.46363012 0.30908003 0.32540602 0.41122545 0.35761383 0.41264978
 0.35919305 0.4141681  0.36076498 0.41559314 0.3622192  0.41680851
 0.36355516 0.4178186  0.3645874  0.41873712 0.36556669 0.41956899
 0.36637898 0.        ],[0.34465903 0.46419264 0.53893027 0.56797565 0.55487171 0.56422276
 0.55205182 0.56043035 0.54931548 0.55710386 0.54695189 0.55450413
 0.54494565 0.55263655 0.5434059  0.55096665 0.54203354 0.54985961
 0.54109359 0.        ],[-0.10059158  0.32611585  0.45038768  0.4001552   0.44749256  0.39529823
  0.44766608  0.393472    0.44899097  0.39338694  0.45065978  0.39397171
  0.45240195  0.3941062   0.45329553  0.39395475  0.45426554  0.39407238
  0.45477387  0.        ],[0.24694001 0.51940703 0.61836752 0.60717701 0.62485012 0.60648426
 0.62435962 0.60538539 0.62366167 0.60399659 0.62283219 0.60241252
 0.62219254 0.60156687 0.62196926 0.60113525 0.62187489 0.60099481
 0.62219678 0.        ],[0.34158758 0.60571569 0.80519339 0.90815911 0.86211191 0.90865841
 0.86239549 0.90866874 0.86277546 0.90927217 0.86363781 0.91005843
 0.86418085 0.91036193 0.86463318 0.91086802 0.86529192 0.91148281
 0.86559012 0.        ],[0. 0. 0. 0. 0. 0. 0. 0. 0. 0. 0. 0. 0. 0. 0. 0. 0. 0. 0. 0.],