[ 0.87971579  0.15303221  0.39665705  0.79810201 -0.02140177  0.0203387
 -0.01009649  0.08081673 -0.03345904  0.        ],[0.7171999  0.38394502 0.37362376 0.67804686 0.73354849 0.31771432
 0.48250877 0.46843663 0.1833126  0.        ],[0.69955607 0.22638054 0.35031709 0.72623905 0.81171383 0.51799049
 0.64410098 0.73143129 0.4961452  0.        ],[0.6190648  0.31398771 0.50605558 0.71907479 0.68739819 0.43877205
 0.47367183 0.75166834 0.64939966 0.        ],[0.24690093 0.29331592 0.54258333 0.66981334 0.62720362 0.44543224
 0.14431577 0.23720723 0.1449245  0.        ],[ 0.62455745  0.04057734  0.23874949  0.7863899   0.52372892  0.57009161
  0.25417547 -0.01367173 -0.03058048  0.        ],[ 0.4481716  -0.1028167   0.22746423  0.8323822   0.50558635  0.51048333
  0.54023507  0.25352451  0.00399759  0.        ],[ 0.22997753  0.13234318  0.27457569  0.45125899  0.31603359  0.25404545
 -0.01702689 -0.06035464 -0.00300278  0.        ],[-8.40947738e-02  1.33874997e-01  4.11419525e-01  5.59337084e-01
  2.38301952e-01  1.76371065e-01  2.41589194e-02 -2.96782236e-03
  3.20612741e-04  0.00000000e+00],[0. 0. 0. 0. 0. 0. 0. 0. 0. 0.],