[-0.12193452  0.76381761  0.80582576  0.41340951  0.43641854  0.09617134
  0.34750243  0.61493645  0.99739615  0.44281015  0.38875548  1.14109787
  1.14152258  0.77738305  0.02114721  0.40756203  0.18830819  0.57448255
  0.84357908  0.        ],[0.43389631 0.52300387 0.5210137  0.50653097 0.61829854 0.54735012
 0.60671274 0.45318193 0.49753351 0.50457938 0.56711256 0.59218373
 0.59208299 0.58680866 0.52585104 0.74065191 0.60448057 0.67860734
 0.34560535 0.        ],[0.47100277 0.4662777  0.4900698  0.53264557 0.59259569 0.66896995
 0.5266275  0.31358931 0.27746748 0.42885042 0.55997628 0.43925795
 0.28353878 0.35270938 0.53543091 0.59829165 0.55416551 0.57191091
 0.29182985 0.        ],[0.18852416 0.52790264 0.62690874 0.55395215 0.51962564 0.60162903
 0.38482765 0.33197998 0.36845603 0.38892202 0.50978916 0.56381991
 0.30313823 0.27920741 0.37551215 0.33949899 0.36605173 0.44664493
 0.53474561 0.        ],[0.07344187 0.49892611 0.66109921 0.65870368 0.69362138 0.63848634
 0.71919446 0.70782127 0.71993715 0.69140978 0.67680072 0.6394009
 0.72385401 0.71613416 0.70359854 0.70077709 0.70424689 0.67350656
 0.65673712 0.        ],[0.15737098 0.3386483  0.44629845 0.48368243 0.46779131 0.48753048
 0.46198667 0.46642494 0.46096108 0.46792594 0.47206961 0.48003821
 0.45970132 0.45609981 0.46315633 0.45670441 0.46096324 0.45986867
 0.47046686 0.        ],[0.53302744 0.42268967 0.35866526 0.33667822 0.34376225 0.3318923
 0.34297316 0.33406587 0.34138407 0.3303037  0.33649976 0.32364357
 0.3376549  0.32739848 0.33495883 0.32454286 0.33367949 0.32128667
 0.3292286  0.        ],[0.34827206 0.30877808 0.34176777 0.39532209 0.36559069 0.4012602
 0.3688141  0.40533014 0.37214667 0.41096072 0.37641677 0.41719271
 0.3790942  0.42015002 0.38277661 0.42482029 0.38629226 0.429295
 0.39080218 0.        ],[0.25631841 0.20324777 0.37074779 0.57884922 0.46200568 0.5761969
 0.46353624 0.57389153 0.46500454 0.57141315 0.46607085 0.56917318
 0.46735417 0.56807344 0.46818337 0.56665944 0.46920363 0.56626004
 0.46995362 0.        ],[0.10484226 0.50272578 0.59862528 0.52850952 0.58335701 0.52934029
 0.58189634 0.53024824 0.5804027  0.53099275 0.57909722 0.53191714
 0.57778511 0.53240298 0.57652805 0.53285912 0.57529115 0.53296133
 0.57405251 0.        ],[0.22353814 0.51456779 0.53297953 0.42554864 0.49821007 0.4207387
 0.49664736 0.41593972 0.49502051 0.41174871 0.49299755 0.40724555
 0.49077079 0.40316293 0.48858438 0.39944198 0.4861535  0.39649154
 0.4839319  0.        ],[0.19527423 0.35495499 0.39161281 0.36141042 0.3836324  0.35746211
 0.38115266 0.3535664  0.37862672 0.34979841 0.3762305  0.34636678
 0.37415005 0.34334858 0.37236566 0.34083957 0.37099174 0.33889071
 0.36975671 0.        ],[0.6360287  0.27339078 0.2458878  0.37495167 0.28774378 0.3738593
 0.28818132 0.372798   0.28872901 0.37191552 0.2895274  0.37182253
 0.29044416 0.37169919 0.29153708 0.37216369 0.29278549 0.37263357
 0.29412214 0.        ],[0.85587011 0.39628147 0.34502026 0.49080887 0.39211486 0.4935412
 0.39567121 0.49634412 0.39925712 0.49910932 0.40280041 0.50191332
 0.40630766 0.50480498 0.40988722 0.50794779 0.41347636 0.51140723
 0.4167439  0.        ],[0.429452   0.43788989 0.51615584 0.59790271 0.55204711 0.59973701
 0.55234193 0.60157406 0.55255144 0.6034573  0.55297971 0.60511968
 0.55344111 0.60650672 0.55376824 0.60788169 0.5542097  0.60914373
 0.55506608 0.        ],[0.08919811 0.22686791 0.43413081 0.60236628 0.51572611 0.5962741
 0.51543661 0.59042325 0.51487927 0.58407732 0.51281287 0.57819425
 0.51025249 0.57319302 0.50800631 0.56825139 0.50525094 0.56360338
 0.50173214 0.        ],[0.2526119  0.50404122 0.50218356 0.38913543 0.46375752 0.39532611
 0.46530349 0.40124956 0.46731386 0.40747048 0.46943489 0.4128653
 0.4716867  0.41747249 0.47352605 0.42168156 0.47545341 0.42474681
 0.4765246  0.        ],[0.51439159 0.60748296 0.58494492 0.51982502 0.56318283 0.5209573
 0.56763431 0.52274222 0.57051117 0.52299343 0.57348507 0.52386432
 0.57540922 0.52438067 0.57728745 0.52423323 0.578319   0.52582944
 0.58149681 0.        ],[0.47324995 0.55429089 0.64024044 0.6992654  0.67132118 0.69841353
 0.66659835 0.69507826 0.66714766 0.6976765  0.66696997 0.69867016
 0.67067245 0.70229829 0.67518041 0.71015037 0.68357191 0.71322382
 0.68473929 0.        ],[0. 0. 0. 0. 0. 0. 0. 0. 0. 0. 0. 0. 0. 0. 0. 0. 0. 0. 0. 0.],