[-0.12783234  0.380431    0.57674173  0.56618051  0.52806905  0.39973254
  0.44946475  0.30297869  0.40102445  0.26993747  0.40806791  0.27325932
  0.42026045  0.28226994  0.        ],[0.22627361 0.46520039 0.54083089 0.51904649 0.50854354 0.40840695
 0.41508987 0.37123547 0.489213   0.38266054 0.43453208 0.40591642
 0.43142364 0.43711081 0.        ],[0.52431697 0.33417585 0.39576705 0.54993702 0.46925044 0.4774364
 0.4400171  0.44795087 0.48651914 0.42331469 0.44248021 0.40488744
 0.42835808 0.40593197 0.        ],[0.62782009 0.11554479 0.22393313 0.57027133 0.39851301 0.53610882
 0.44518876 0.50195748 0.40874077 0.43604818 0.4111158  0.37639533
 0.39695753 0.34104096 0.        ],[0.30604889 0.10148577 0.20817515 0.40442914 0.28328423 0.42860072
 0.27795361 0.44821338 0.29591833 0.47772054 0.30032693 0.49648952
 0.30748694 0.50923796 0.        ],[0.45553887 0.11142874 0.16629297 0.37002225 0.24629924 0.36685012
 0.24981372 0.36388005 0.24747849 0.35848242 0.2485634  0.35363916
 0.24773296 0.35195931 0.        ],[0.50120557 0.06296018 0.08639211 0.29371338 0.15991509 0.29899133
 0.16163943 0.30353529 0.16361712 0.30712216 0.16500144 0.30985255
 0.16618231 0.31115887 0.        ],[0.46563761 0.09459991 0.12928149 0.32151493 0.20083399 0.3232859
 0.20446983 0.32567555 0.20671343 0.32698663 0.20800288 0.32804729
 0.20990166 0.32877916 0.        ],[0.46079089 0.13296147 0.22612647 0.46292347 0.31971717 0.46647083
 0.32376097 0.46946316 0.32635048 0.47136362 0.32784125 0.47279871
 0.32998502 0.47399948 0.        ],[0.48592885 0.03283524 0.0295581  0.21478999 0.09345588 0.21995732
 0.09553067 0.22343479 0.09687191 0.22609919 0.09763357 0.22801063
 0.09850434 0.2290325  0.        ],[0.32644964 0.10274794 0.1500955  0.29442721 0.20595336 0.29349808
 0.20728591 0.2929125  0.20821599 0.29241483 0.20904911 0.29216307
 0.20978715 0.29233735 0.        ],[0.33666541 0.05754721 0.10663964 0.27555362 0.17107399 0.27966404
 0.17371649 0.28373627 0.17588691 0.28688507 0.17769231 0.28861887
 0.17845666 0.28936425 0.        ],[0.21180028 0.05676762 0.09389802 0.19851783 0.13487485 0.19958108
 0.13607935 0.20058699 0.13712165 0.20144347 0.13842362 0.20223661
 0.13907159 0.20250125 0.        ],[0.11593907 0.04359944 0.08860068 0.16708402 0.1214669  0.16927532
 0.1236542  0.17110966 0.12495069 0.17271059 0.12619489 0.17327074
 0.12671962 0.17375678 0.        ],[0. 0. 0. 0. 0. 0. 0. 0. 0. 0. 0. 0. 0. 0. 0.],