[0.42282545 0.29109327 0.33167988 0.47402752 0.61066428 0.82900255
 0.5429137  0.23153391 0.42880839 1.16093525 0.82009715 0.71816981
 0.98192879 0.74007237 0.7245327  0.6091315  0.82248338 0.57662265
 0.28565352 0.        ],[0.57527052 0.4298946  0.45548645 0.50793165 0.35176669 0.59453687
 0.5308175  0.51507458 0.55501659 0.58248375 0.47532244 0.69303887
 0.52408502 0.44648809 0.45589684 0.50630704 0.64582059 0.63273466
 0.46354753 0.        ],[0.46329506 0.37374251 0.45177701 0.54005507 0.33014845 0.47121682
 0.62616791 0.63971606 0.48878009 0.35801236 0.41961581 0.67623453
 0.39023936 0.49860806 0.49002258 0.56362447 0.46582126 0.61674341
 0.4159445  0.        ],[0.37458076 0.298614   0.39471763 0.54041871 0.44268901 0.45301755
 0.6678795  0.59715029 0.35969086 0.40266442 0.50781211 0.62253909
 0.47166257 0.65792393 0.60535537 0.62858111 0.33059409 0.49591134
 0.18618977 0.        ],[ 0.80807927  0.53274338  0.48148811  0.53927561  0.48896069  0.5842289
  0.41374568  0.48842098  0.49525145  0.56301499  0.47369784  0.53672744
  0.54964436  0.48405516  0.3870011   0.44591871  0.36314703  0.28342662
 -0.07549732  0.        ],[ 0.38581741  0.32381113  0.55815478  0.83202862  0.62501832  0.7933775
  0.7080112   0.80413871  0.61297421  0.77172512  0.69261662  0.81665427
  0.681452    0.77499923  0.60940238  0.66089202  0.37166598  0.43207443
 -0.08424324  0.        ],[ 0.34544205  0.27631197  0.4750634   0.71269541  0.51909278  0.65641673
  0.62748485  0.7334739   0.61785047  0.72506123  0.6541691   0.715202
  0.57929296  0.65030941  0.52260047  0.51953758  0.31600533  0.35451726
 -0.09696925  0.        ],[ 0.77795109  0.54236367  0.54029935  0.63293887  0.52366893  0.57344274
  0.59580212  0.636419    0.63473842  0.6575147   0.59151105  0.60981549
  0.51690286  0.50213037  0.43577292  0.39098587  0.23817056  0.25133753
 -0.15550981  0.        ],[ 0.43308789  0.31626722  0.39273916  0.53041122  0.44493852  0.49851031
  0.48846386  0.50730219  0.51544284  0.54121219  0.45070092  0.47238332
  0.44846863  0.41861914  0.35026011  0.29992105  0.16539029  0.16980988
 -0.22478458  0.        ],[0.82965784 0.66286745 0.6903103  0.78874602 0.70981856 0.80118404
 0.76652616 0.76615567 0.75971392 0.77902069 0.66416197 0.69653987
 0.70777295 0.71023146 0.60453563 0.59393158 0.45029276 0.42315895
 0.00224204 0.        ],[ 0.865575    0.71287046  0.67147857  0.6852025   0.64372758  0.68843859
  0.67899797  0.64996677  0.70429166  0.67312418  0.62099397  0.60207092
  0.63449021  0.60296536  0.57665133  0.51242421  0.42206253  0.3207051
 -0.06400835  0.        ],[ 0.62093455  0.35137215  0.35174275  0.46581202  0.36330636  0.42374419
  0.37192614  0.41443426  0.41517736  0.45746552  0.3976502   0.41493328
  0.35024364  0.3827956   0.31829827  0.26995316  0.12871145  0.10845096
 -0.32573556  0.        ],[ 0.35977466  0.32455228  0.3230718   0.33348186  0.29970726  0.28145242
  0.32233291  0.28160937  0.33288799  0.29783948  0.33741579  0.29708186
  0.30826813  0.23915086  0.21923806  0.08500791  0.03553158 -0.02388934
 -0.38761312  0.        ],[ 0.82404716  0.50500154  0.29069353  0.18643084  0.19189416  0.16325121
  0.26619256  0.18717524  0.23377603  0.14818247  0.2196655   0.17541568
  0.2242769   0.12385267  0.1331622  -0.03106713 -0.06617484 -0.14800955
 -0.48449926  0.        ],[ 0.59958541  0.32697022  0.31539753  0.40850864  0.28861046  0.39702636
  0.4183345   0.45835318  0.35720033  0.38248915  0.32432015  0.37926466
  0.3222426   0.38461414  0.29916138  0.23361532  0.04479745  0.06073602
 -0.36872559  0.        ],[ 0.51412658  0.48659822  0.52649881  0.57190385  0.49932803  0.54738285
  0.5901834   0.60044295  0.55929452  0.55299193  0.52050396  0.50486377
  0.50876906  0.53404843  0.4664399   0.3571208   0.21853038  0.16802445
 -0.19793056  0.        ],[ 0.09991712  0.35268696  0.43571871  0.40948493  0.40705983  0.40078544
  0.47955901  0.43429216  0.47764499  0.41760745  0.44683451  0.36728207
  0.43674756  0.36125061  0.33342906  0.18529746  0.1435615   0.01143035
 -0.28870495  0.        ],[ 0.31396525  0.52800658  0.61327233  0.60631829  0.59692964  0.61414994
  0.64923001  0.6450858   0.6452479   0.62011203  0.63593206  0.60874866
  0.60746507  0.53765457  0.48781904  0.40210402  0.33924349  0.24332427
 -0.12508461  0.        ],[0.28289576 0.59739184 0.80913618 0.8977211  0.84126631 0.9020006
 0.88611001 0.94692864 0.86597121 0.91057983 0.88509212 0.92411884
 0.82296108 0.82247732 0.76173601 0.76045217 0.62329832 0.58549075
 0.10483742 0.        ],[0. 0. 0. 0. 0. 0. 0. 0. 0. 0. 0. 0. 0. 0. 0. 0. 0. 0. 0. 0.],