[ 0.56575915  0.82658408  0.32179918 -0.36580879  0.05938359  0.08967875
  0.81349616  1.22301509  0.97513549  0.78664053  0.38220492  0.03975259
  0.60699638 -0.10575965  0.57063806  0.53616011  0.83474646  1.16176548
  0.55825276  0.        ],[0.06161616 0.59749881 0.41870746 0.54158369 0.58967774 0.51390453
 0.46713433 0.42365257 0.63697065 0.60368776 0.45204854 0.61541965
 0.46560281 0.53056918 0.63642848 0.76662862 0.54732535 0.54483354
 0.50295137 0.        ],[0.1260742  0.54547633 0.58638501 0.76831537 0.67382039 0.42377569
 0.51389705 0.33868081 0.61945335 0.4026705  0.57606931 0.47168671
 0.60166029 0.70634611 0.65091036 0.61651338 0.39027206 0.42248596
 0.6365022  0.        ],[0.49025937 0.32184509 0.3001255  0.68098142 0.7406595  0.6907123
 0.635448   0.31815176 0.58520685 0.37753262 0.64807929 0.51254237
 0.42873809 0.74355675 0.59119329 0.34886918 0.36002746 0.60404569
 0.81406424 0.        ],[0.69700649 0.18848274 0.42581067 0.4683929  0.56741259 0.58398507
 0.58015816 0.37606998 0.42349371 0.37466978 0.44905287 0.36389357
 0.44142364 0.6779427  0.32546003 0.33475517 0.37688025 0.66725349
 0.70615079 0.        ],[1.43584616 0.302993   0.51930868 0.61649323 0.36221358 0.51370052
 0.47082948 0.4695771  0.52343856 0.50822131 0.38634618 0.57745676
 0.39947327 0.46654668 0.2313572  0.48801338 0.48148362 0.69107684
 0.63386655 0.        ],[1.26571582 0.43363893 0.51985958 0.68252082 0.50993084 0.57481543
 0.65796744 0.71281361 0.66758212 0.74047642 0.53817473 0.65575388
 0.73150254 0.65981691 0.2474934  0.27065895 0.48890016 0.47616135
 0.36720288 0.        ],[0.27603054 0.62964152 0.674397   0.62884572 0.54458232 0.74381678
 0.73445127 0.69179698 0.37362903 0.52598476 0.55740886 0.52428404
 0.58136823 0.52341692 0.44407354 0.42403487 0.66613149 0.59801198
 0.42168821 0.        ],[0.51210272 0.63949738 0.46437533 0.52068319 0.47502608 0.61237693
 0.59739433 0.46365842 0.277595   0.2680547  0.63408283 0.53111126
 0.61751605 0.44698797 0.67267062 0.30321894 0.23003879 0.22145603
 0.13725729 0.        ],[0.86363437 0.71892321 0.54091535 0.37784197 0.56436978 0.40843206
 0.28879974 0.35661284 0.45616099 0.4025982  0.56153238 0.57907907
 0.59885098 0.53309891 0.68845958 0.38669026 0.1221575  0.09166369
 0.13680453 0.        ],[ 0.53289177  0.72647456  0.53975988  0.29007806  0.41261702  0.556572
  0.35303427  0.53446941  0.582846    0.63716899  0.56180164  0.61005915
  0.6245283   0.40277255  0.31592581  0.38317324  0.06182751 -0.02133102
 -0.1493149   0.        ],[ 0.68207821  0.71848745  0.63620004  0.28612421  0.22981612  0.331059
  0.34237822  0.24543339  0.41368619  0.53011981  0.68309557  0.55487032
  0.2924914   0.23350601  0.28547743  0.269024    0.20959094  0.15220956
 -0.11583525  0.        ],[-0.34272008  0.65207512  0.77984143  0.67738481  0.51627239  0.36589091
  0.22719375  0.10996721  0.21195713  0.64437061  0.78281439  0.72260655
  0.43114059  0.35406647  0.36374664  0.37098591  0.48325513  0.44659576
  0.45264993  0.        ],[-0.71917951  0.62028262  0.67241674  0.68989852  0.51807905  0.41254791
  0.33177928  0.23133458  0.30529804  0.68094854  0.61372822  0.54432135
  0.52854628  0.46322403  0.26413096  0.23951121  0.07344824  0.10858977
  0.0920718   0.        ],[0.16140393 0.55776711 0.75147447 0.78832528 0.49931799 0.58088434
 0.53001662 0.42792765 0.58412627 0.44019741 0.4000728  0.48729199
 0.4255112  0.36211595 0.33984311 0.37232992 0.11870994 0.02842913
 0.02078191 0.        ],[ 0.18037246  0.4766736   0.69003938  0.81333127  0.74673499  0.75792683
  0.55772128  0.50447561  0.63993394  0.52636559  0.56907506  0.67719241
  0.54119602  0.53768596  0.57069349  0.17397751 -0.12032992 -0.01553827
 -0.05372195  0.        ],[ 0.76723357  0.30837011  0.34838826  0.60929416  0.43156295  0.48510441
  0.40225639  0.47065496  0.40719573  0.28701529  0.42154702  0.40299461
  0.25572231  0.31850832  0.48315895  0.33414706 -0.03221634 -0.06896729
 -0.09755793  0.        ],[0.63071834 0.30194167 0.3787166  0.57703138 0.31129381 0.51231704
 0.64729754 0.39073345 0.26743426 0.31775045 0.25082735 0.3954719
 0.23022694 0.28826663 0.53494298 0.39899783 0.11561072 0.06920422
 0.06585776 0.        ],[0.0635528  0.56195644 0.70055227 0.54605142 0.34604408 0.54464671
 0.62778705 0.5642836  0.30242692 0.29743628 0.32640475 0.5070263
 0.31957524 0.31793006 0.40780348 0.33208611 0.06326549 0.01113542
 0.00654924 0.        ],[0. 0. 0. 0. 0. 0. 0. 0. 0. 0. 0. 0. 0. 0. 0. 0. 0. 0. 0. 0.],