[-0.1171294   0.22788693  0.46673956  0.55274593  0.41728763  0.45343582
  0.32353224  0.4247292   0.27669252  0.42416604  0.26603669  0.41557636
  0.26509687  0.42486299  0.        ],[0.12432035 0.21920116 0.40600402 0.55672225 0.42974714 0.4829471
 0.34625778 0.34440024 0.30343574 0.31142843 0.31654619 0.44462942
 0.49663936 0.51675316 0.        ],[0.40506437 0.17818882 0.26839766 0.47600765 0.403385   0.47336991
 0.41535434 0.40191525 0.4153855  0.39651526 0.4308508  0.50215737
 0.5532483  0.56152753 0.        ],[0.56886329 0.12386287 0.15028739 0.39557779 0.35425244 0.45511066
 0.45257541 0.51002922 0.49346882 0.54603355 0.49906152 0.54435338
 0.46680139 0.55238917 0.        ],[0.33524658 0.10810506 0.24233786 0.47370815 0.31307358 0.47235809
 0.29923882 0.46568072 0.29512893 0.46191942 0.29694726 0.46457891
 0.3095194  0.4634135  0.        ],[0.46456734 0.10718141 0.14955828 0.34526516 0.22611437 0.34607589
 0.23021799 0.34672774 0.23008478 0.34675419 0.2273277  0.34380524
 0.2217482  0.34157939 0.        ],[0.46635874 0.04018334 0.02320849 0.18257228 0.0765308  0.18535992
 0.07724163 0.18748138 0.07918672 0.18931188 0.08104308 0.19116944
 0.08357854 0.19246548 0.        ],[0.50069475 0.09512126 0.12922701 0.33521453 0.20646149 0.33932889
 0.21042008 0.34377573 0.21396135 0.34776847 0.21715347 0.35078807
 0.21977158 0.35338003 0.        ],[0.4733367  0.08745912 0.13007706 0.33700964 0.20868264 0.34163712
 0.21362533 0.34702975 0.21828334 0.35048295 0.22142461 0.35335857
 0.22453178 0.35559178 0.        ],[0.4627078  0.11711922 0.20464436 0.44330354 0.3013128  0.45176547
 0.30915408 0.46014614 0.31611365 0.46631762 0.32147171 0.47118206
 0.32602219 0.47517114 0.        ],[0.39611796 0.12416601 0.22866586 0.45405073 0.31831514 0.45540775
 0.31987136 0.45693216 0.32097448 0.45741116 0.32085881 0.45647032
 0.31975422 0.45435839 0.        ],[0.34010007 0.046185   0.07137801 0.22049976 0.12445646 0.22300378
 0.12493369 0.22486711 0.12445459 0.22606286 0.12410647 0.22640878
 0.12300236 0.22564277 0.        ],[0.19457139 0.08750075 0.15655588 0.27585541 0.20792034 0.27854212
 0.2132217  0.2820607  0.21735704 0.28563321 0.22071306 0.28828445
 0.22426961 0.29063074 0.        ],[0.14126213 0.05757738 0.13200666 0.246776   0.18157435 0.252061
 0.18297121 0.25537499 0.18435196 0.25542934 0.18629712 0.25576343
 0.18563167 0.25597425 0.        ],[0. 0. 0. 0. 0. 0. 0. 0. 0. 0. 0. 0. 0. 0. 0.],