[-0.43066307  0.55515178  0.7620577   0.46982274  0.46340211  0.30321238
  0.07075655  0.04156897  0.43437252  0.11860125  0.2636156   0.79138684
  0.80668856  1.02107513  0.91844606  0.41736721 -0.02331219  0.53279871
  0.79851905  0.38783367  0.28546294  0.43399939  0.58760527  0.73563192
  0.23027718  0.24812091  0.65350125  0.3173721   0.16606483  0.88510959
  1.16262114  0.65598705  0.49476959  0.14311032  0.54432602  0.34482054
  0.29586235 -0.02776666  0.51605772  0.21000159  0.14010054 -0.0453457
 -0.0722607   0.44372449  1.15820144  1.07878496  0.48265061  0.32569516
  0.37206549  0.        ],[0.40455735 0.55090127 0.60435399 0.61492242 0.67658566 0.5321747
 0.39792738 0.51748341 0.39906379 0.50634967 0.42239062 0.49949657
 0.40949884 0.5404012  0.76527673 0.6128791  0.65216247 0.64268711
 0.70480478 0.60246771 0.44810632 0.41473298 0.28052186 0.45229639
 0.4414718  0.48649834 0.64771716 0.48098809 0.40282533 0.56097203
 0.54484036 0.53184959 0.62644497 0.4579576  0.59554498 0.67798091
 0.59941183 0.44988631 0.38011746 0.49801319 0.37345165 0.54327218
 0.45732509 0.37957703 0.7108461  0.69574196 0.3549092  0.36583483
 0.50508744 0.        ],[0.69176549 0.60201426 0.60561151 0.67062231 0.6752152  0.53853904
 0.3790793  0.51040506 0.29289549 0.42097231 0.39995236 0.45302528
 0.26910199 0.27804412 0.51476472 0.65599935 0.80551444 0.6793932
 0.68659629 0.70536373 0.48798941 0.40721043 0.2903707  0.51366525
 0.64344748 0.53939907 0.65109543 0.5817269  0.4533311  0.3102315
 0.41756153 0.59146054 0.72273026 0.58736057 0.61788131 0.71359177
 0.54024068 0.59406496 0.38010235 0.59266062 0.42951904 0.62202193
 0.53327835 0.34049504 0.55554607 0.58021163 0.34868971 0.42051753
 0.5867731  0.        ],[0.71603705 0.65987163 0.61765795 0.57382368 0.48542975 0.38098077
 0.24751139 0.25530093 0.19120721 0.17619593 0.34661356 0.54080743
 0.35808479 0.22744313 0.34318906 0.618231   0.60995652 0.63810152
 0.68795971 0.71875997 0.49280952 0.41753477 0.46555018 0.75685003
 0.7175986  0.50241144 0.69212231 0.6008717  0.41024603 0.18854911
 0.5571179  0.73140955 0.73871584 0.60502481 0.61714344 0.535673
 0.33612037 0.53351174 0.48209434 0.49357326 0.3456993  0.35916884
 0.36270704 0.38350946 0.64709219 0.67137461 0.40667233 0.40503386
 0.49205598 0.        ],[1.03269534 0.57684816 0.34020518 0.28036839 0.26207844 0.32631003
 0.60959583 0.41884504 0.31303693 0.55559769 0.61016133 0.44955815
 0.52848114 0.38093999 0.65991277 0.69842735 0.58066307 0.53102234
 0.57819596 0.64051532 0.6302974  0.48893032 0.36815156 0.63874093
 0.45978936 0.60684848 0.72551457 0.48782306 0.46863332 0.33632368
 0.34188699 0.66756016 0.6252181  0.63596004 0.59361305 0.39526055
 0.53385535 0.63158882 0.5299578  0.25274005 0.23743478 0.26010785
 0.48136759 0.56291851 0.74154245 0.76896391 0.42649519 0.23726058
 0.00228074 0.        ],[ 0.36695871  0.49558024  0.50883423  0.41391633  0.31822881  0.52171238
  0.66222737  0.54453993  0.44194052  0.53118678  0.5647889   0.37513666
  0.49698971  0.56520478  0.63908439  0.72524735  0.54677235  0.50592545
  0.61134052  0.43727304  0.48673029  0.62100896  0.34321651  0.3901392
  0.60000145  0.52626524  0.40414636  0.39896144  0.28937446  0.42625643
  0.26614025  0.64178278  0.69848529  0.45295704  0.53363513  0.35394182
  0.4532079   0.66925023  0.38666111  0.21810241  0.23541741  0.27413193
  0.38079949  0.40256844  0.47394819  0.7396017   0.56402668  0.47376509
 -0.04299529  0.        ],[-0.09545418  0.53942489  0.6403063   0.41807343  0.45753111  0.40439003
  0.45210779  0.60668841  0.52257474  0.51835661  0.4606681   0.33134227
  0.4384158   0.4534491   0.46391729  0.65668627  0.50703637  0.54014685
  0.71567902  0.63375938  0.4128349   0.61158893  0.57754473  0.64561332
  0.55133047  0.37847091  0.50254652  0.50122052  0.28678311  0.41757415
  0.36705541  0.57887655  0.47344496  0.64346736  0.51609929  0.53250375
  0.34254564  0.66714403  0.38764718  0.41115041  0.5433535   0.53134322
  0.34963886  0.43632112  0.35471221  0.53862779  0.35642067  0.24964458
 -0.00986223  0.        ],[0.21653999 0.42184941 0.4096844  0.35268435 0.59157373 0.42055922
 0.62099444 0.47473641 0.71521912 0.6243119  0.52312826 0.50428517
 0.2979168  0.32532003 0.43589219 0.60028795 0.67908082 0.60052405
 0.53067346 0.4569217  0.36658522 0.63195559 0.63801999 0.64900288
 0.44466515 0.31235347 0.65464859 0.62776476 0.4392012  0.50801657
 0.47860589 0.47057365 0.3304332  0.61003469 0.39258682 0.28693196
 0.28603642 0.72818295 0.65765564 0.56503153 0.54143746 0.61750527
 0.44036199 0.6786381  0.53816096 0.63297029 0.41891372 0.42825482
 0.25161203 0.        ],[0.52994231 0.30810905 0.25948844 0.4019434  0.65669988 0.5292364
 0.49642996 0.32048353 0.61503772 0.53531578 0.54396382 0.46486093
 0.33856832 0.52808135 0.47523093 0.48701261 0.5723452  0.404331
 0.36819571 0.53524197 0.37825709 0.48588038 0.52212982 0.42770816
 0.53974675 0.29989619 0.50625288 0.40945604 0.33725087 0.40980228
 0.69086688 0.60885565 0.62691117 0.76404737 0.65618183 0.31564271
 0.37788256 0.68425528 0.49415189 0.54963157 0.53019485 0.62779196
 0.6578366  0.7173206  0.42066196 0.65723936 0.46376929 0.50339295
 0.36250036 0.        ],[0.23939444 0.39492337 0.44069373 0.41777243 0.4208996  0.4140181
 0.62563796 0.52028063 0.50767283 0.48087668 0.45869271 0.47784182
 0.55564669 0.50964992 0.28041204 0.2677367  0.65650668 0.63109389
 0.33453843 0.37641159 0.24077036 0.23131801 0.40429681 0.44019902
 0.6145732  0.53310382 0.43677617 0.50932166 0.62913035 0.58086662
 0.71985107 0.74643775 0.78957218 0.70893574 0.58604903 0.31131306
 0.26282222 0.45761136 0.58500465 0.60941082 0.70378088 0.51574946
 0.68076803 0.67082158 0.52452762 0.63066621 0.65003755 0.34273728
 0.22617386 0.        ],[0.49649706 0.3644243  0.32867331 0.38799067 0.54111422 0.65974768
 0.55045787 0.55778077 0.57224765 0.58322158 0.33947796 0.35509042
 0.65462803 0.7101159  0.46177382 0.29339616 0.47636096 0.5209913
 0.39762798 0.35035592 0.42490424 0.41625872 0.57740593 0.57174365
 0.64365691 0.55441736 0.51196621 0.42401298 0.40448929 0.50336634
 0.48255449 0.40415042 0.59149296 0.45991711 0.55919357 0.48740246
 0.4392355  0.67626031 0.70719677 0.6911677  0.74520878 0.65635174
 0.70900662 0.65542662 0.5682306  0.54609893 0.55060768 0.56518055
 0.38231981 0.        ],[0.57415625 0.37101784 0.26128953 0.31289372 0.61133554 0.50522702
 0.25885924 0.32461644 0.42848239 0.47360021 0.38666126 0.5542085
 0.74015527 0.71912343 0.65463391 0.59022027 0.45955112 0.62278248
 0.42915587 0.35460251 0.38586057 0.65711241 0.73807001 0.74851415
 0.73312584 0.72591133 0.66779243 0.72199971 0.67435311 0.7175273
 0.64536038 0.44811743 0.70838827 0.44257534 0.23913641 0.29593423
 0.53261518 0.69054215 0.62529248 0.6354417  0.66013253 0.70184371
 0.56990913 0.41644264 0.48894354 0.61785914 0.37052747 0.36887068
 0.36833042 0.        ],[0.6096312  0.42672033 0.40269885 0.5280115  0.65524018 0.38425991
 0.24139638 0.39029606 0.49091402 0.70319284 0.63992248 0.72303568
 0.54085067 0.68622584 0.69994357 0.58192626 0.57617122 0.58414155
 0.55475701 0.45157995 0.27346685 0.50271344 0.49962486 0.54346999
 0.58609084 0.55002737 0.582345   0.76193054 0.66833309 0.50387343
 0.55648641 0.69326459 0.68260065 0.52257559 0.32151601 0.18727168
 0.25111267 0.61295854 0.67963111 0.42802332 0.68985119 0.77860199
 0.64306019 0.4945221  0.51445346 0.45527959 0.31981211 0.60243795
 0.45007449 0.        ],[-0.03446863  0.6660264   0.80993366  0.56960768  0.49649801  0.53203972
  0.42393264  0.41447167  0.43642943  0.65227483  0.58828059  0.62844488
  0.41822568  0.53062577  0.48752618  0.34015806  0.55363803  0.48227973
  0.28768002  0.25537826  0.31088498  0.37067362  0.42390881  0.53197985
  0.50736006  0.58982729  0.42604617  0.62211606  0.66453688  0.56668867
  0.42339905  0.5820821   0.38291903  0.38260611  0.4939977   0.24039506
  0.25325726  0.37418268  0.29944601  0.23334898  0.5183015   0.66162666
  0.79957371  0.63227027  0.54822221  0.40586393  0.42916289  0.6327943
  0.47867226  0.        ],[0.12021937 0.67614048 0.81984849 0.66540423 0.53209444 0.36876039
 0.39581771 0.47712974 0.61915406 0.51274251 0.61233456 0.63719725
 0.46434243 0.37065918 0.49581834 0.46726955 0.47959128 0.2907488
 0.2858459  0.32226841 0.29066316 0.27634094 0.43688166 0.52742257
 0.39461899 0.32461727 0.40299816 0.5280371  0.56725946 0.36179634
 0.33307966 0.58403902 0.54726257 0.31135164 0.36251278 0.30933697
 0.40383411 0.53221498 0.30718531 0.31200031 0.50964589 0.4581855
 0.68591206 0.50705281 0.35665658 0.38842175 0.49785867 0.45413206
 0.14677084 0.        ],[0.34874729 0.51142646 0.60450637 0.66814461 0.70652006 0.41482811
 0.473247   0.66359016 0.68939353 0.48619093 0.49617195 0.37646823
 0.56430812 0.52600883 0.42246532 0.54234138 0.40097289 0.48397527
 0.39247783 0.5211125  0.65196565 0.50404289 0.277631   0.23102104
 0.26785563 0.33713012 0.44308973 0.64145848 0.5886887  0.53941202
 0.60043587 0.69921418 0.53480273 0.2974079  0.28999071 0.3584116
 0.53271654 0.3854787  0.19495781 0.2675209  0.51472837 0.57910226
 0.57187084 0.6504331  0.72336151 0.58615995 0.54631727 0.436578
 0.08342834 0.        ],[1.01674986 0.60028721 0.48255389 0.58505676 0.62953058 0.5102907
 0.41582366 0.52217389 0.67431875 0.61841145 0.31728984 0.35885553
 0.51423577 0.60387887 0.42943068 0.33326284 0.36168885 0.31765982
 0.20926119 0.28671583 0.36526566 0.42318237 0.51319095 0.30087003
 0.4211359  0.47359108 0.63728723 0.60853309 0.56182281 0.46871363
 0.50293063 0.5901855  0.60683894 0.48594879 0.50793085 0.27534794
 0.50141601 0.61585375 0.29960428 0.30480646 0.35182367 0.42979387
 0.67892661 0.64936253 0.73425164 0.61920073 0.52390053 0.60766514
 0.27338829 0.        ],[0.17699163 0.52555707 0.56072574 0.42196756 0.51983118 0.59416397
 0.50289816 0.5039328  0.4599519  0.47959274 0.32026867 0.55242919
 0.56196176 0.52799048 0.47754982 0.47816434 0.48623415 0.60668226
 0.35723668 0.49129304 0.61826519 0.424417   0.2975807  0.34659557
 0.32022075 0.38471505 0.55730693 0.3339637  0.37624923 0.34787425
 0.31985191 0.41017389 0.55205579 0.62394226 0.42521436 0.21395993
 0.41613769 0.53357795 0.3628248  0.49945483 0.61602796 0.34972309
 0.52140759 0.40898309 0.46764844 0.57263171 0.43960276 0.56734324
 0.28303465 0.        ],[0.68890142 0.54437577 0.42088643 0.38195349 0.57196047 0.56674507
 0.30055484 0.36560648 0.35052948 0.30214064 0.35471454 0.40887775
 0.4386949  0.45127432 0.31238018 0.30016494 0.39740765 0.49996312
 0.39419235 0.45793567 0.57758766 0.52583207 0.27993336 0.56737346
 0.477253   0.3767339  0.34105813 0.48657485 0.66357979 0.38192197
 0.40612475 0.65276333 0.69493973 0.60866075 0.27650888 0.20449529
 0.32925946 0.39951135 0.59505252 0.66954232 0.74615473 0.46118195
 0.35853228 0.41512876 0.3930008  0.41845261 0.52390971 0.69454028
 0.44440296 0.        ],[0.57652561 0.62371414 0.54131667 0.40094236 0.40968932 0.40071184
 0.32803024 0.37349587 0.31288255 0.42318365 0.37336651 0.52047102
 0.61752298 0.65285821 0.48166852 0.4239676  0.56968626 0.43386633
 0.48608683 0.33845998 0.41431638 0.47800724 0.30203128 0.47994254
 0.35019417 0.36540934 0.27563531 0.39573709 0.64371405 0.2716043
 0.26112369 0.48247    0.44226133 0.69628351 0.54430569 0.35680868
 0.48795383 0.44988286 0.45517738 0.68643214 0.76439244 0.60032698
 0.4639125  0.27533185 0.28728182 0.34124824 0.55419305 0.64352614
 0.44099702 0.        ],[0.63034058 0.59693385 0.52895775 0.46085539 0.53282251 0.6577497
 0.39989702 0.36315275 0.60694625 0.54789422 0.61251545 0.36524643
 0.50467697 0.71927874 0.54357279 0.54268652 0.44791132 0.60297591
 0.6689961  0.33948951 0.40898584 0.60490254 0.36261555 0.45651442
 0.3028551  0.25284939 0.37269159 0.34026092 0.41452458 0.29321151
 0.44251195 0.4537577  0.39785808 0.65072626 0.61642869 0.37340955
 0.3377608  0.36206523 0.58118346 0.76508412 0.57459661 0.48156309
 0.58468664 0.38004676 0.32053752 0.39028255 0.63299239 0.60662533
 0.12188214 0.        ],[ 0.37791307  0.4979224   0.42356938  0.28337161  0.49280392  0.74680549
  0.52875283  0.56380374  0.54766013  0.63650141  0.63772978  0.40620685
  0.49361537  0.62455532  0.37863992  0.60094339  0.62732824  0.72869339
  0.69377207  0.46012583  0.54287536  0.5324564   0.58301188  0.40894716
  0.42911946  0.38069628  0.55785881  0.61963731  0.42177674  0.38059277
  0.47412152  0.37997748  0.350198    0.54602106  0.39332084  0.58626439
  0.51703179  0.55863841  0.47960569  0.68241535  0.49596344  0.40868319
  0.39000449  0.41385884  0.37646667  0.53014064  0.52045191  0.33226435
 -0.08842472  0.        ],[ 0.22571298  0.27242408  0.35949422  0.46378653  0.55603825  0.6966773
  0.58803848  0.63146351  0.38594543  0.5744119   0.69068699  0.57640541
  0.54328113  0.4779296   0.42834437  0.63374019  0.7391714   0.59811239
  0.51089078  0.39696671  0.593689    0.38593476  0.62939485  0.54563265
  0.3719292   0.41429454  0.56331061  0.66919771  0.54337762  0.36119964
  0.39286765  0.3565751   0.47319018  0.43786408  0.48882988  0.64169213
  0.40398848  0.54846226  0.61859441  0.53169219  0.54033746  0.70217183
  0.56750516  0.61913852  0.49298364  0.49031676  0.32614952  0.32392845
 -0.06893216  0.        ],[ 0.8101095   0.54683794  0.43857399  0.48311406  0.57593388  0.41376774
  0.47836237  0.40921921  0.44920409  0.5472848   0.54486361  0.59894544
  0.60168949  0.61195618  0.68825831  0.72868316  0.61468594  0.41221567
  0.48435314  0.36472104  0.60493582  0.44179287  0.49829054  0.68521118
  0.4399846   0.3920892   0.43649728  0.63671247  0.47811369  0.53179462
  0.58609765  0.5960888   0.63449364  0.35875091  0.43260935  0.63775831
  0.69566333  0.71855286  0.614329    0.44154851  0.72966887  0.82266353
  0.74940403  0.66104182  0.66545699  0.5723371   0.34076436  0.34438732
 -0.00454465  0.        ],[0.8827842  0.49347703 0.40556078 0.51535681 0.48263645 0.37212635
 0.48308436 0.55928643 0.45518733 0.50315369 0.40613583 0.61970355
 0.52785884 0.59365461 0.55262788 0.70253205 0.68952576 0.62170737
 0.67685669 0.55596115 0.54551928 0.64733311 0.62549581 0.66005603
 0.37415356 0.5412092  0.38230117 0.4201831  0.45459026 0.48304534
 0.64601141 0.43869676 0.49125504 0.53770246 0.45887607 0.58994546
 0.49723939 0.54956508 0.64115066 0.3988571  0.75002307 0.82177955
 0.72871223 0.6686668  0.61907797 0.5615938  0.48804654 0.45043027
 0.02779132 0.        ],[ 0.55121017  0.42748097  0.43932155  0.47976005  0.32486452  0.43015753
  0.44419346  0.48533465  0.46624362  0.3551254   0.33484252  0.61877205
  0.55996706  0.56468588  0.61164419  0.59943544  0.38531097  0.44877734
  0.55708131  0.37189513  0.59767445  0.69561139  0.61686929  0.70551817
  0.4545856   0.54027912  0.61369196  0.50902336  0.41178471  0.53683606
  0.67213206  0.72966417  0.76750391  0.78065879  0.6737543   0.53069902
  0.25848855  0.27709906  0.62134257  0.38090018  0.4901568   0.74105118
  0.54907284  0.37713838  0.45183645  0.69088537  0.60897591  0.36885817
 -0.01700027  0.        ],[0.45545026 0.54222421 0.47674454 0.34754775 0.44452042 0.63923914
 0.66027569 0.61496856 0.56588659 0.40968542 0.58164225 0.53845883
 0.54335491 0.40119541 0.60020353 0.58781835 0.60438722 0.46401253
 0.3963518  0.35110976 0.66265057 0.52294727 0.48149834 0.51621383
 0.33717506 0.38555549 0.72479801 0.70654997 0.42691338 0.57235053
 0.55036579 0.69479233 0.61487212 0.75213685 0.69208976 0.41237938
 0.32937263 0.25864855 0.51275828 0.60868327 0.53298405 0.69168318
 0.51492366 0.35786987 0.32628543 0.50068405 0.4307888  0.43125248
 0.29923105 0.        ],[0.89325678 0.6149383  0.55829012 0.61745682 0.51223331 0.51652985
 0.6039286  0.68092384 0.64109588 0.64582601 0.6545704  0.49220274
 0.45149138 0.54203606 0.74130954 0.51589529 0.61317504 0.2712752
 0.32722614 0.48276705 0.64984097 0.54841394 0.62332398 0.46315021
 0.6105646  0.62613786 0.70610509 0.73936641 0.5158885  0.39447204
 0.43813914 0.69954861 0.78341212 0.52917659 0.47885409 0.5658974
 0.49684846 0.47668239 0.67635571 0.74384011 0.61993715 0.50718593
 0.60403634 0.63319539 0.56030417 0.32899068 0.33356703 0.50893704
 0.36507952 0.        ],[1.25316061 0.57787012 0.30683647 0.37860659 0.56792793 0.61105121
 0.56566358 0.71589701 0.71710857 0.59265435 0.70660457 0.72551524
 0.7026957  0.55495764 0.8284348  0.73841298 0.58231102 0.29134897
 0.50100684 0.54341101 0.54294941 0.44535692 0.38100596 0.32730793
 0.48167362 0.59454197 0.48085499 0.55931052 0.53478882 0.3698671
 0.33237743 0.61098108 0.63877272 0.43862105 0.45206953 0.56454666
 0.4708133  0.73847256 0.84530784 0.75631062 0.48100281 0.51556426
 0.41870258 0.47938864 0.39782381 0.43025154 0.48928999 0.40091789
 0.34445441 0.        ],[0.53594456 0.31803451 0.2059117  0.23917689 0.45806363 0.41988264
 0.32649645 0.47131042 0.58375848 0.47834511 0.70451772 0.80346342
 0.63477664 0.51981482 0.70149064 0.78697648 0.71813309 0.55886733
 0.42345849 0.69028075 0.61154984 0.39297101 0.41100168 0.36032573
 0.45223345 0.48490097 0.59848489 0.55822641 0.60639216 0.48272283
 0.37233703 0.56358113 0.46450987 0.59350744 0.44222231 0.47612054
 0.36832742 0.58802631 0.76066998 0.70928527 0.42250019 0.60084016
 0.47555031 0.33085501 0.46033066 0.61982426 0.58903493 0.31922909
 0.36040759 0.        ],[0.21414023 0.38208067 0.44878196 0.47407819 0.57515976 0.46923532
 0.3983037  0.48130366 0.40250828 0.33182454 0.42456717 0.67702608
 0.60400523 0.47194754 0.48014926 0.62499173 0.73426881 0.57947528
 0.35651529 0.65253737 0.60308844 0.38421629 0.39602415 0.46262413
 0.67333766 0.61850662 0.53704984 0.43432397 0.31849238 0.36865552
 0.30977944 0.49675294 0.5843196  0.70161085 0.60950232 0.63108535
 0.3789211  0.42959654 0.59593639 0.63215808 0.39918264 0.59038604
 0.59757367 0.58425897 0.58075429 0.5777267  0.32251873 0.27115573
 0.3412267  0.        ],[0.71471296 0.43659876 0.29218224 0.27996369 0.37212163 0.42337137
 0.46745951 0.32859958 0.24790497 0.31534556 0.38449831 0.47950293
 0.58508935 0.49602642 0.74388114 0.76869651 0.73416916 0.56025979
 0.47329428 0.36614291 0.50901469 0.63920815 0.71988945 0.71445864
 0.4407143  0.55813293 0.42696563 0.39476693 0.29658319 0.37853392
 0.55329616 0.42110206 0.40793418 0.4289903  0.30051025 0.37217106
 0.4472802  0.53859463 0.62871986 0.35418354 0.29938326 0.37155501
 0.29852744 0.43642804 0.47421676 0.54292931 0.33972298 0.53044668
 0.45135451 0.        ],[0.51612119 0.55466743 0.41518729 0.23732362 0.39723577 0.48104832
 0.4993462  0.40436153 0.31558778 0.55625004 0.3928883  0.30411393
 0.32385868 0.28500009 0.53414308 0.55364129 0.47732639 0.62858081
 0.50817813 0.55119081 0.63435445 0.62357588 0.63111232 0.78517564
 0.56838851 0.42669437 0.49117189 0.57178366 0.48680474 0.44240795
 0.55786121 0.53138784 0.64681925 0.63878299 0.49136254 0.3678038
 0.44748117 0.69631478 0.55319935 0.32324125 0.35271168 0.53091298
 0.33253735 0.60462765 0.40048289 0.49891857 0.38923391 0.53068472
 0.40890178 0.        ],[0.55615883 0.48680018 0.46519212 0.48217845 0.53664773 0.5924426
 0.35163408 0.38091103 0.39715428 0.42010004 0.49530654 0.48254508
 0.27078009 0.20949604 0.41170975 0.3858171  0.30620153 0.41890254
 0.47389417 0.49804661 0.57995213 0.52065824 0.62821225 0.73064024
 0.6386896  0.70025451 0.68376743 0.6685842  0.57225007 0.53916391
 0.50627662 0.47096069 0.63324852 0.73238689 0.69050462 0.47583445
 0.55985249 0.71047398 0.71084743 0.65251296 0.5185528  0.62256537
 0.50045013 0.6103611  0.40280483 0.38704321 0.48768567 0.52607943
 0.48480711 0.        ],[0.62971797 0.44330074 0.32972877 0.32334462 0.48393691 0.45568621
 0.19141481 0.247968   0.44980922 0.4180511  0.66485635 0.65853213
 0.34952785 0.37537498 0.61607884 0.58154328 0.54110447 0.59358364
 0.41144224 0.437679   0.62590004 0.49389807 0.60121656 0.5794167
 0.35734044 0.50408122 0.52108166 0.70722072 0.58763103 0.40064542
 0.36630477 0.46578702 0.40199802 0.47866558 0.67873092 0.6131326
 0.70659893 0.69173568 0.72798187 0.63942499 0.33592891 0.46704376
 0.63764128 0.59027356 0.58560594 0.66113569 0.46879849 0.43071771
 0.34989511 0.        ],[0.57279289 0.55027314 0.51738678 0.51747962 0.64160144 0.58720701
 0.33945609 0.40148036 0.47749336 0.49268352 0.59826517 0.4412346
 0.30344475 0.42362772 0.45763382 0.35706464 0.45695735 0.51547996
 0.32939544 0.41042146 0.5240397  0.60391892 0.64270826 0.54789478
 0.31661195 0.27978262 0.40160762 0.61279299 0.42405763 0.23645413
 0.36086638 0.61301276 0.47947274 0.4837711  0.64592048 0.65911115
 0.6268521  0.70923161 0.50842325 0.51262518 0.47270613 0.59674397
 0.50647305 0.40311884 0.58315574 0.53179094 0.70153134 0.59593876
 0.04792341 0.        ],[0.36986986 0.45180144 0.53169814 0.58413692 0.51907673 0.43988529
 0.55157011 0.46007114 0.42807877 0.51712779 0.4942046  0.62939697
 0.42311496 0.57713056 0.6246041  0.53736571 0.48399841 0.53375822
 0.35341645 0.45364683 0.3491882  0.34369852 0.5331301  0.42473841
 0.56640674 0.45763033 0.60070558 0.43529159 0.50839364 0.50928401
 0.65618735 0.5264273  0.34634759 0.51510311 0.54655535 0.42331134
 0.64548628 0.49967499 0.44246128 0.52651835 0.44358749 0.51630706
 0.68469546 0.52326866 0.41872387 0.58021435 0.66281011 0.58422214
 0.02676575 0.        ],[0.1525247  0.56494233 0.65414072 0.54657813 0.56677394 0.5103512
 0.69455671 0.54786533 0.41739357 0.40843461 0.51304781 0.63124067
 0.31636673 0.331005   0.58047861 0.48949111 0.5905802  0.58873977
 0.26435286 0.43841478 0.50672993 0.48357718 0.48005701 0.31469292
 0.47904721 0.38193165 0.61119371 0.54903794 0.45933951 0.75181956
 0.76775715 0.5566096  0.36002374 0.34003114 0.34091718 0.49372035
 0.68403977 0.40205965 0.48365369 0.71798699 0.65923301 0.63324454
 0.66716541 0.5363869  0.48979533 0.61370877 0.60378578 0.43383549
 0.18473123 0.        ],[0.07485283 0.30332406 0.53451307 0.72577655 0.68565703 0.46028484
 0.57176555 0.50802756 0.35462348 0.48949509 0.59804526 0.54614488
 0.52981648 0.36939525 0.31891413 0.39933956 0.53911356 0.50931442
 0.31003468 0.54182096 0.51189474 0.58738112 0.36882536 0.38749597
 0.45646266 0.334386   0.39769211 0.37610786 0.57394971 0.67373661
 0.71599661 0.65044085 0.72373816 0.61061882 0.56240717 0.54065669
 0.75404694 0.67981636 0.56209353 0.45597869 0.50007597 0.55979083
 0.42927764 0.53113841 0.57301994 0.59136625 0.46191333 0.21795442
 0.07435947 0.        ],[0.20065501 0.4159172  0.60424748 0.74762759 0.72200414 0.47526845
 0.50999004 0.59160733 0.57132292 0.58606306 0.58557313 0.39883107
 0.50971096 0.55413789 0.4599047  0.54754391 0.61577895 0.52388942
 0.50244837 0.34357951 0.31575536 0.43053458 0.33390081 0.43788817
 0.4428103  0.52162074 0.62137455 0.64527569 0.62685039 0.67771238
 0.72314514 0.45255023 0.73153031 0.67071157 0.54595825 0.56260979
 0.67256728 0.53111307 0.52747985 0.32363585 0.34401501 0.54301167
 0.52546527 0.55576179 0.45559868 0.52854078 0.68867228 0.51319363
 0.31485534 0.        ],[0.38559342 0.60614949 0.5602946  0.44289544 0.65289724 0.32804055
 0.2430016  0.57446443 0.70411421 0.63574436 0.57111977 0.37143629
 0.40474428 0.68329549 0.57970089 0.62855243 0.62139232 0.42945662
 0.5917538  0.51607531 0.45928448 0.60385584 0.631156   0.67922074
 0.51837729 0.60935038 0.42840748 0.40755121 0.37123384 0.4514752
 0.4977323  0.43935948 0.63112357 0.45138001 0.48048783 0.61370302
 0.49789222 0.44503716 0.50909367 0.53592337 0.32776241 0.35530982
 0.4528676  0.39095918 0.33654207 0.41800366 0.57535487 0.44324475
 0.29252341 0.        ],[-0.14434109  0.35140415  0.60941396  0.61215341  0.39376341  0.39057279
  0.34447923  0.47047445  0.56993392  0.45742136  0.34075151  0.40872917
  0.59759949  0.61935175  0.49606228  0.56747301  0.38551091  0.3649296
  0.34911916  0.45687576  0.60069729  0.39251196  0.57908147  0.55050482
  0.30363724  0.40338868  0.5133148   0.61331853  0.63819797  0.52373619
  0.53631338  0.40008358  0.48740093  0.53079353  0.66129879  0.49604533
  0.47459223  0.64664729  0.44776753  0.42267265  0.41041431  0.25882893
  0.31863857  0.50251466  0.42636685  0.38786621  0.44357201  0.53524066
  0.21767082  0.        ],[0.19445012 0.3924115  0.47313637 0.44483113 0.42913944 0.65481346
 0.49534476 0.33955275 0.50689698 0.49025683 0.40551777 0.43446531
 0.47333391 0.42529236 0.61949617 0.51905693 0.37277277 0.32927796
 0.3527157  0.60025204 0.55283506 0.36041627 0.37486869 0.53431747
 0.4337305  0.53767125 0.36439925 0.53209977 0.6625514  0.6231244
 0.70297796 0.61703875 0.37194952 0.36619566 0.59812724 0.51302341
 0.77795707 0.79909757 0.71229601 0.62843064 0.5047202  0.51309936
 0.3355742  0.54097523 0.33515804 0.40619821 0.39421094 0.52828282
 0.15819422 0.        ],[0.7305351  0.3627937  0.37195103 0.6373736  0.78399454 0.81487483
 0.69429337 0.63738835 0.6355721  0.41291116 0.41351774 0.5876518
 0.42768943 0.57256628 0.49567315 0.42288414 0.43607822 0.54352242
 0.46207631 0.44720041 0.44938339 0.46314123 0.3847876  0.43499614
 0.52756459 0.39601619 0.28143296 0.35680212 0.45666535 0.52030562
 0.71861611 0.75313318 0.67021894 0.57138655 0.46611255 0.60365724
 0.73242001 0.63622983 0.67935648 0.6222362  0.59893261 0.54380398
 0.50469945 0.62079233 0.52209653 0.60152316 0.65314062 0.58946139
 0.1679152  0.        ],[0.80152693 0.28897595 0.37401532 0.78657967 0.76280821 0.70206392
 0.41112859 0.5099434  0.49884121 0.47549581 0.36741496 0.54307364
 0.27432316 0.3606563  0.49911827 0.46745521 0.36488084 0.33899921
 0.44183835 0.64321968 0.60298794 0.5800345  0.53557429 0.35958749
 0.36316473 0.40013714 0.43954277 0.36096515 0.42789395 0.62184202
 0.66298768 0.53071552 0.49819552 0.67812547 0.50809333 0.57421441
 0.49949706 0.46806349 0.40334672 0.51033944 0.63690787 0.66511463
 0.44408968 0.39407174 0.48389665 0.46216603 0.39149922 0.24724719
 0.00681854 0.        ],[0.41101512 0.45466745 0.63877245 0.79536114 0.57307629 0.67258464
 0.40342337 0.37322037 0.57689629 0.6961804  0.59686181 0.59576882
 0.31778793 0.50010345 0.54982179 0.46339204 0.49786043 0.47051342
 0.32353241 0.32818208 0.48698884 0.55211626 0.53382448 0.54970998
 0.42944298 0.63240254 0.72785015 0.66226226 0.44458972 0.5493247
 0.38429266 0.36056258 0.51985186 0.67864252 0.48654726 0.69535265
 0.61694613 0.33523376 0.42054807 0.53646429 0.53440688 0.51037965
 0.4149242  0.60250207 0.44117919 0.44442071 0.61062626 0.58886501
 0.23577048 0.        ],[-0.049029    0.43000835  0.70305307  0.74467581  0.56771646  0.54729701
  0.25679758  0.30229121  0.54806823  0.48575416  0.42142685  0.35109074
  0.35857525  0.51998795  0.42986646  0.38056477  0.52530893  0.53154191
  0.54193372  0.37246455  0.57345327  0.53674298  0.61938239  0.47448881
  0.62858672  0.51882662  0.62431576  0.6398184   0.43965369  0.35642157
  0.35960571  0.39983675  0.30681145  0.37793114  0.35815299  0.42227907
  0.39464597  0.31196793  0.28514043  0.37715564  0.5055346   0.44239653
  0.38882644  0.46461857  0.52583919  0.55481673  0.48026281  0.54250327
  0.30791848  0.        ],[0.28128483 0.54113289 0.62820291 0.60372669 0.65420666 0.62049456
 0.2442087  0.17378598 0.35517941 0.4733771  0.33662534 0.41225297
 0.33701334 0.41878534 0.46901793 0.49091111 0.50741387 0.43087063
 0.50185607 0.41676572 0.5171647  0.59883907 0.46551613 0.51199191
 0.68647753 0.63120597 0.58498931 0.51412809 0.531193   0.59000285
 0.63908273 0.5713934  0.27488657 0.46538926 0.57101828 0.6172564
 0.45315941 0.53052879 0.48533756 0.42171721 0.33504052 0.48432089
 0.38311408 0.33306499 0.69368766 0.71874085 0.58189709 0.65394347
 0.23654264 0.        ],[0.20623569 0.51932824 0.50613468 0.38671883 0.74815229 0.83073028
 0.4560702  0.40373203 0.48377025 0.35507685 0.40120979 0.45229478
 0.42277036 0.42909948 0.44634099 0.38983207 0.32043107 0.46064369
 0.47494884 0.39191184 0.59455766 0.68469241 0.52078983 0.32062781
 0.37136059 0.4820956  0.39901751 0.28726406 0.36856532 0.60459783
 0.53707149 0.6002379  0.36569795 0.38869808 0.45212686 0.40123824
 0.42593441 0.55008937 0.50004807 0.56606933 0.39502307 0.23006469
 0.24669424 0.32389825 0.60718877 0.51064776 0.60254059 0.56612878
 0.18358904 0.        ],[0. 0. 0. 0. 0. 0. 0. 0. 0. 0. 0. 0. 0. 0. 0. 0. 0. 0. 0. 0. 0. 0. 0. 0.
 0. 0. 0. 0. 0. 0. 0. 0. 0. 0. 0. 0. 0. 0. 0. 0. 0. 0. 0. 0. 0. 0. 0. 0.
 0. 0.],