[ 2.1988333   0.20564742  0.28326388  1.48080618  1.2582589  -0.19295329
  0.90429661  0.67142168  1.38824057  1.82190362  0.7443908   0.59391248
  0.25410584  0.05332873  0.        ],[0.42267465 0.29869303 0.35273972 0.4669105  0.3781097  0.55599165
 0.48731038 0.57268415 0.48171559 0.36951516 0.30190136 0.64159222
 0.61442067 0.40922681 0.        ],[-0.21826972  0.33850319  0.55137043  0.45177779  0.25338796  0.43029086
  0.32908242  0.57891023  0.7457487   0.49540008  0.33853134  0.63728235
  0.69343486  0.4340718   0.        ],[0.1292916  0.49837936 0.59600607 0.34229039 0.29021846 0.56295531
 0.36979195 0.65235716 0.67954455 0.40975337 0.49322284 0.52798194
 0.57440638 0.28925026 0.        ],[1.05158018 0.72560818 0.71061937 0.49302173 0.51909087 0.64128353
 0.65271857 0.67098459 0.67564918 0.6738902  0.5471058  0.36740371
 0.46741268 0.3790783  0.        ],[1.13057524 0.70595467 0.76369331 0.40241079 0.42887217 0.76348596
 0.67542703 0.5804864  0.40393205 0.37530548 0.34380174 0.34840343
 0.32109969 0.44649455 0.        ],[ 1.58211306  0.47381165  0.64599362  0.38054254  0.59431036  0.73182385
  0.52262067  0.70067465  0.61285768  0.13612457  0.23364201  0.04111032
 -0.08243211 -0.1258518   0.        ],[ 6.95078927e-01  4.88662477e-01  4.24741954e-01  4.90060743e-01
  6.34635217e-01  5.72192335e-01  4.88105767e-01  4.07933374e-01
  4.27682170e-01  2.23169944e-01  1.81426732e-02  2.76337980e-03
 -1.09927055e-03  3.38813164e-04  0.00000000e+00],[ 1.12633765  0.55875053  0.38575413  0.33971739  0.3683477   0.42874993
  0.34152576  0.35665764  0.54132654  0.28094755  0.03814768  0.1022511
  0.01098664 -0.18011181  0.        ],[ 0.32273771  0.12953974  0.28013356  0.71141469  0.67023964  0.31731467
  0.32008988  0.60542357  0.73780289  0.20251459 -0.08403573  0.38023601
  0.56001293  0.0821019   0.        ],[0.12869267 0.11133875 0.251558   0.63334478 0.6377577  0.33650523
 0.34141472 0.71073697 0.45680291 0.11843735 0.05539551 0.14545856
 0.25108181 0.21290084 0.        ],[ 0.30107994  0.13565138  0.35964612  0.54832124  0.32719841  0.19449161
  0.4673723   0.56461382  0.38410665  0.11009709 -0.02286376 -0.027448
 -0.1266     -0.18556295  0.        ],[ 0.04051826  0.19438416  0.50331168  0.71700806  0.37529117  0.2797332
  0.53984896  0.5514502   0.55619522  0.35166784  0.01810876 -0.00872538
 -0.02459436 -0.03291951  0.        ],[ 2.85810945e-01  4.16125274e-01  6.30215366e-01  8.19222984e-01
  7.07687507e-01  5.39430309e-01  3.44788062e-01  1.37537945e-01
  2.43534182e-01  2.17309969e-02 -5.64534327e-02 -5.01384942e-02
  6.81966387e-03  5.34560247e-04  0.00000000e+00],[0. 0. 0. 0. 0. 0. 0. 0. 0. 0. 0. 0. 0. 0. 0.],