[ 0.14918231  0.43990236 -0.06532172 -0.56139427  0.55808965  0.38785503
  0.15888862  0.5473246   0.6487059   1.45383888  0.51989712  0.3169128
  0.13346272  0.1246513   0.        ],[1.26228604 0.50859316 0.52988397 0.48110012 0.39205459 0.67313134
 0.72108113 0.4917616  0.58381927 0.62432388 0.58225228 0.3939934
 0.29697925 0.42043207 0.        ],[1.2258766  0.47851749 0.56560358 0.49720175 0.24413439 0.49304117
 0.61161902 0.65190848 0.76885371 0.80815957 0.65961725 0.6022831
 0.49389669 0.61879077 0.        ],[0.77148405 0.64753103 0.49600371 0.61248546 0.37131769 0.45391804
 0.61739418 0.86461806 0.9274272  0.72356118 0.62004319 0.75651426
 0.64009127 0.72043294 0.        ],[1.30284291 0.60757808 0.6062875  0.38466137 0.39645015 0.48467418
 0.50182245 0.7136089  0.72328663 0.65543758 0.73166367 0.5977359
 0.58600541 0.65051845 0.        ],[1.15118371 0.26945524 0.26155578 0.27215253 0.61883748 0.71909294
 0.71651295 0.47139154 0.51741387 0.37352052 0.63853099 0.61791391
 0.59114279 0.36649286 0.        ],[1.80557879 0.10480025 0.11897316 0.54477795 0.48039253 0.49944937
 0.78462351 0.56133762 0.31901974 0.33989505 0.16145671 0.25720934
 0.39352288 0.18053153 0.        ],[ 0.99322433  0.23293124  0.4303216   0.93818465  0.39591745  0.36453034
  0.59565177  0.65201303  0.51903267  0.38825402  0.0590623  -0.04458724
  0.00250014  0.001835    0.        ],[ 0.57071784  0.2588686   0.29068875  0.84694734  0.46802194  0.41227553
  0.64981487  0.68389295  0.54279376  0.24924243 -0.01883589 -0.19905564
 -0.01483151  0.14261988  0.        ],[ 0.38140477 -0.00965153  0.23564039  0.75810446  0.49282551  0.62559045
  0.51464311  0.32251547  0.30185876  0.2167873   0.00577622 -0.26172333
  0.01552311  0.15605595  0.        ],[ 0.61824355  0.04909675  0.20889794  0.61859286  0.58846836  0.57555331
  0.49752821  0.47006163  0.32254708  0.22767428  0.07806246 -0.14440506
 -0.00391116  0.11007269  0.        ],[ 0.69749638  0.11931855  0.14575795  0.57066345  0.58675175  0.50730926
  0.68847229  0.71832479  0.5485154   0.09549288 -0.01538837  0.04506033
  0.00131011 -0.08629266  0.        ],[ 0.40883867  0.1637913   0.3512967   0.68734633  0.46960169  0.35765572
  0.57404827  0.53003148  0.43665066  0.01888198  0.00606076  0.00738633
  0.0053909  -0.01707138  0.        ],[ 2.12477049e-01  2.03203394e-01  3.34686948e-01  5.15308250e-01
  5.50191976e-01  5.63705656e-01  4.87912347e-01  3.51300330e-01
  3.79802796e-01  2.48339169e-01  3.19284148e-02 -4.32818984e-03
  9.84401625e-03 -1.88311224e-04  0.00000000e+00],[0. 0. 0. 0. 0. 0. 0. 0. 0. 0. 0. 0. 0. 0. 0.],