[-0.11874431  0.51344159  1.21005402  1.36694283  0.06647754  0.94869087
  0.50501419  0.59836292  0.58030731  0.8789982   0.52340987  0.3920196
  0.31995932  0.19832352  0.3381512   0.16172019  0.65401225  0.18229858
 -0.00328662  0.        ],[-0.60456341  0.65403821  0.54838512  0.40419425  0.40395303  0.33647097
  0.22648107  0.58962683  0.65898082  0.52875069  0.47864011  0.52500875
  0.47927597  0.45458708  0.43643985  0.4169768   0.73020696  0.64949337
  0.3553849   0.        ],[-0.18148889  0.72231124  0.77731234  0.60518455  0.35006443  0.58762681
  0.35721146  0.66208206  0.71723545  0.47912708  0.53829703  0.46919211
  0.40160843  0.34766693  0.44488418  0.58550939  0.57401109  0.56465382
  0.43484446  0.        ],[0.51813992 0.60781158 0.78711818 0.74375259 0.36885101 0.67167525
 0.39514366 0.54009353 0.6146442  0.6511124  0.57785873 0.31284547
 0.29891384 0.26942844 0.41947702 0.62373963 0.29416095 0.19763595
 0.32943766 0.        ],[0.20754395 0.49862525 0.59688649 0.70993049 0.47355472 0.69016915
 0.66071595 0.57240216 0.31408712 0.58831701 0.58619534 0.31242184
 0.28752499 0.44719076 0.41784851 0.45501915 0.27099001 0.29369952
 0.35122837 0.        ],[0.92039775 0.53556894 0.54752937 0.51436482 0.42207295 0.47390469
 0.46983968 0.41476549 0.22039223 0.38406262 0.67004306 0.43140269
 0.32107184 0.36726403 0.40266571 0.42816533 0.63992204 0.60700365
 0.64343052 0.        ],[1.37404288 0.39555796 0.55192852 0.403653   0.69776885 0.66179552
 0.42264553 0.46833447 0.37739806 0.3352045  0.62515142 0.6877851
 0.39289841 0.3961696  0.29778248 0.46857035 0.64863044 0.50383255
 0.66537586 0.        ],[1.01800264 0.33492322 0.35862673 0.57429389 0.69847941 0.41837739
 0.33344814 0.28255037 0.33832095 0.62554009 0.60186689 0.54040934
 0.39137223 0.5335325  0.51752348 0.39706558 0.417641   0.75102475
 0.70642801 0.        ],[0.20599275 0.57890871 0.53579048 0.71304274 0.6621983  0.42131881
 0.36271298 0.54180859 0.48341425 0.61733675 0.6106435  0.25765273
 0.28427282 0.54500313 0.86858071 0.6294733  0.6428412  0.9628499
 0.73105262 0.        ],[1.19230996 0.47658871 0.53473928 0.51079159 0.49656207 0.3282616
 0.63625169 0.8070172  0.58602139 0.52299191 0.6060314  0.40570299
 0.45523499 0.67142364 0.8463615  0.66589648 0.57918947 0.79152839
 0.62727532 0.        ],[0.37631287 0.60473252 0.5003104  0.77919622 0.57388255 0.36342971
 0.58906194 0.7655972  0.79458776 0.61628641 0.48170377 0.4761575
 0.6737024  0.3212472  0.21462881 0.24943823 0.46633671 0.22106763
 0.19145452 0.        ],[0.9759329  0.51186684 0.64452357 0.88115965 0.51939299 0.60713987
 0.53150999 0.50428634 0.69267446 0.59403808 0.51089168 0.57447513
 0.66106038 0.19943489 0.20565634 0.26116949 0.44269322 0.29735369
 0.21205937 0.        ],[1.02291039 0.60482143 0.57151265 0.77445756 0.58121658 0.50435296
 0.49397228 0.62901875 0.62563559 0.5813826  0.51285264 0.57848874
 0.54396478 0.18900654 0.39432206 0.48076251 0.3441616  0.25137895
 0.45377509 0.        ],[0.67824307 0.68885085 0.48044681 0.51607976 0.68501074 0.40943375
 0.58439963 0.65406916 0.34048985 0.2495343  0.45602365 0.49546581
 0.49470551 0.10843735 0.07633505 0.44995447 0.36253477 0.04608477
 0.1774661  0.        ],[0.80500277 0.49234959 0.30611487 0.34587617 0.6054853  0.46160469
 0.7004192  0.67069225 0.64385127 0.18788341 0.18942104 0.16352221
 0.32624053 0.42527377 0.37183174 0.45741813 0.23826723 0.18992253
 0.20526213 0.        ],[0.12982386 0.48669053 0.48087752 0.33969892 0.59039825 0.60665401
 0.65088995 0.54251271 0.73077724 0.67533477 0.76095808 0.28403131
 0.50699761 0.54163278 0.69964047 0.50217839 0.40938415 0.38153609
 0.57705517 0.        ],[-0.16122651  0.30063318  0.50778319  0.53431195  0.50980637  0.37309555
  0.42493059  0.58384523  0.86847262  0.74582258  0.70553678  0.21894633
  0.31200357  0.68274752  0.72761526  0.40152837 -0.00270376 -0.03697374
  0.08250704  0.        ],[0.33310732 0.3675743  0.42410558 0.46392885 0.42747212 0.45908865
 0.24958731 0.38214664 0.83189954 0.67828476 0.63440621 0.50834766
 0.51846228 0.6407473  0.47628973 0.31123872 0.07012954 0.0371782
 0.02549554 0.        ],[0.41736549 0.46160287 0.39960938 0.27547312 0.24244136 0.34657865
 0.28360208 0.4209291  0.75519272 0.58333417 0.54522021 0.61977646
 0.56343368 0.50483249 0.15944286 0.17497933 0.0453159  0.01328098
 0.01435234 0.        ],[0. 0. 0. 0. 0. 0. 0. 0. 0. 0. 0. 0. 0. 0. 0. 0. 0. 0. 0. 0.],