[ 0.43874088  0.16337624  0.49437314  1.13598675  1.34263796  1.15585794
  0.22979167 -0.23578611  0.01800857  0.66561106  0.37703476 -0.41510822
  0.0127082   0.81507808  0.85918689  1.15278222  0.78589663  0.78490069
  0.42351562  0.        ],[-0.29653993  0.57771278  0.52227893  0.33567378  0.34999255  0.54576934
  0.32383172  0.29543123  0.55064777  0.44980887  0.39972465  0.32604716
  0.31075011  0.35139013  0.62697286  0.56664178  0.51727375  0.50332911
  0.67476377  0.        ],[0.09902691 0.64678481 0.50776501 0.50356249 0.52798524 0.53965023
 0.52125025 0.33326839 0.38212812 0.53457485 0.48819235 0.31240374
 0.40115005 0.40455705 0.50810263 0.48292348 0.3801347  0.41073029
 0.55856749 0.        ],[0.85572423 0.69941354 0.74656777 0.51699226 0.31601226 0.49887176
 0.67554874 0.5909529  0.60598384 0.71975539 0.71733582 0.58664082
 0.61531005 0.48390046 0.5587699  0.25889374 0.22905894 0.39848144
 0.29537447 0.        ],[0.4508011  0.41992798 0.54711489 0.56280466 0.41655864 0.57857869
 0.60402485 0.4572764  0.59843465 0.34348929 0.43670115 0.51186076
 0.45272019 0.43091997 0.47896444 0.41544263 0.35953957 0.28498538
 0.37233563 0.        ],[1.41817404 0.33195814 0.33131554 0.53298136 0.66202303 0.47185873
 0.47193128 0.44662646 0.35325017 0.33579019 0.4438484  0.30661142
 0.44208332 0.60709316 0.48176581 0.4499161  0.63201652 0.48544857
 0.29370272 0.        ],[1.69936621 0.3333124  0.3251271  0.44054143 0.57551901 0.6816352
 0.65460043 0.45259305 0.31017887 0.60120302 0.44276368 0.19051282
 0.1800269  0.35193394 0.6659376  0.57096747 0.55023969 0.39791675
 0.3722237  0.        ],[0.86657338 0.41335192 0.70593237 0.59279044 0.441297   0.71818969
 0.61311    0.66966096 0.54921612 0.58661823 0.50906018 0.45235373
 0.34403189 0.49736012 0.65766466 0.45469722 0.51112337 0.36469505
 0.29367283 0.        ],[1.13309926 0.31926692 0.60372706 0.42946463 0.57668756 0.56463363
 0.36646968 0.52466668 0.37149374 0.37273119 0.74099485 0.79644046
 0.66703943 0.59171613 0.31094987 0.14666155 0.08087884 0.09207929
 0.07564016 0.        ],[ 0.37642758  0.56309696  0.60084294  0.52295066  0.63008864  0.59385911
  0.53221807  0.44189169  0.34000509  0.36447755  0.64232695  0.78753397
  0.7954358   0.47210952  0.1214176   0.08981547  0.03984302 -0.07513089
 -0.04298828  0.        ],[0.20323027 0.41868138 0.57746225 0.53963148 0.43317763 0.39044448
 0.42891365 0.25821236 0.23532506 0.54335143 0.40236637 0.46067067
 0.72764249 0.33562764 0.02095151 0.0639844  0.00692299 0.07254433
 0.10843736 0.        ],[0.65378257 0.36636608 0.30144888 0.50867688 0.4988013  0.52414404
 0.62934123 0.46475983 0.30308473 0.52150935 0.58112418 0.5555256
 0.71568921 0.50106065 0.34634092 0.23352782 0.22751797 0.00678707
 0.35514297 0.        ],[1.27298454 0.44561465 0.29998277 0.45166118 0.36499161 0.48748273
 0.47350646 0.53771545 0.61409052 0.63860336 0.55044085 0.51933439
 0.63872532 0.73276618 0.65636612 0.31169548 0.25561917 0.07496658
 0.26087797 0.        ],[1.4616074  0.72792075 0.55658293 0.15154026 0.15826749 0.39677806
 0.33416593 0.41621917 0.50710334 0.33605314 0.50527073 0.61617929
 0.51285462 0.56677352 0.33423079 0.07516649 0.03849666 0.05316577
 0.06008367 0.        ],[0.7576463  0.6822362  0.46828707 0.23591084 0.35754085 0.49742092
 0.23563836 0.28302609 0.50358181 0.52922909 0.51912348 0.6594972
 0.32615668 0.3855587  0.05204721 0.0766571  0.03655298 0.0322544
 0.0169808  0.        ],[ 0.64618287  0.61526528  0.5190952   0.25469665  0.58386392  0.59182044
  0.41610366  0.56744978  0.65349831  0.54726162  0.76760956  0.81012599
  0.3052292   0.10302069  0.01131094  0.0092543  -0.07083411 -0.09788268
 -0.0561337   0.        ],[ 0.14556676  0.26009309  0.42945353  0.54286601  0.6368471   0.54990772
  0.36235791  0.70644381  0.76496955  0.72978948  0.79485786  0.67020271
  0.43753066  0.14934892  0.25042608  0.1995607   0.03611961 -0.00583853
 -0.02625632  0.        ],[ 0.21105545  0.35128439  0.50197958  0.57490705  0.37019373  0.3500001
  0.33521102  0.75375203  0.88585291  0.64998167  0.60568463  0.50020937
  0.41997406  0.25379415  0.5092144   0.37948137  0.02398826 -0.01843989
  0.00672569  0.        ],[ 0.17356495  0.38447271  0.58120308  0.6963561   0.58722286  0.5588767
  0.51081274  0.77561866  0.73131509  0.4869859   0.48243233  0.60034081
  0.44100642  0.33857794  0.68726474  0.53009974  0.06227363 -0.00704723
 -0.00105199  0.        ],[0. 0. 0. 0. 0. 0. 0. 0. 0. 0. 0. 0. 0. 0. 0. 0. 0. 0. 0. 0.],