[ 1.6625728   0.59370632  0.52118186  0.8686151   0.36130787 -0.09753116
 -0.32054704  0.49223905  0.89002986  0.71690174  0.54633358  0.23128646
  0.36590557  0.76465985  0.        ],[-0.48771587  0.6067059   0.44868698  0.51605141  0.63319479  0.56493061
  0.46313798  0.635319    0.44868871  0.40942361  0.42564883  0.33262528
  0.68393904  0.57705144  0.        ],[-0.34078527  0.66628846  0.33389244  0.30541348  0.51013272  0.48024322
  0.5877249   0.67019073  0.67041784  0.42773568  0.33637241  0.35894004
  0.71348383  0.5518728   0.        ],[0.89884943 0.61579728 0.33858921 0.30795242 0.44306415 0.50586521
 0.7158642  0.66191856 0.75928698 0.58940586 0.37895527 0.29553521
 0.55543691 0.62202927 0.        ],[0.70207071 0.68684909 0.56923145 0.39381286 0.45006449 0.71372152
 0.77626201 0.65520415 0.65139944 0.59928749 0.43092574 0.47481368
 0.51476592 0.65581196 0.        ],[0.74244377 0.49626522 0.66690341 0.46674976 0.55825224 0.71754353
 0.62945206 0.37269543 0.29380006 0.52922071 0.77865428 0.63412819
 0.63064228 0.64306224 0.        ],[0.4229286  0.65701125 0.774228   0.6429658  0.43787373 0.56326759
 0.76911859 0.53753327 0.25822816 0.74303226 1.0533307  0.92881083
 0.84869863 0.50175436 0.        ],[0.741092   0.73070248 0.59551477 0.48252337 0.62628718 0.43499897
 0.62828795 0.42673753 0.34419362 0.7486955  0.78397347 0.51667444
 0.41895601 0.43269109 0.        ],[1.69168249 0.49149897 0.4640135  0.4343682  0.61774976 0.6268725
 0.52441657 0.16818217 0.31325189 0.74578702 0.39824342 0.21709916
 0.28121132 0.40193946 0.        ],[0.71385886 0.61097863 0.706402   0.60182116 0.66094108 0.73631627
 0.93885644 0.7968744  0.92725347 0.93734262 0.870495   0.77360706
 0.57443589 0.64481308 0.        ],[0.33843568 0.30938738 0.53054554 0.56894003 0.64655692 0.88458884
 0.95694367 0.56774969 0.67892841 0.82666792 0.70002999 0.43341215
 0.71540509 0.82225152 0.        ],[-0.09606061  0.47136712  0.49373821  0.44673352  0.41315808  0.81223012
  0.78865805  0.19047709  0.42179385  0.65003238  0.50211868  0.30220948
  0.315614    0.32711789  0.        ],[0.39369603 0.47074221 0.48524528 0.49408695 0.44766817 0.5486296
 0.43107575 0.16642908 0.38747769 0.70257626 0.84087932 0.62884439
 0.33373195 0.1344345  0.        ],[0.48176027 0.55028604 0.4980591  0.44467138 0.60531932 0.49077869
 0.28080129 0.37718806 0.51235421 0.81511436 0.96877002 0.82258455
 0.63110555 0.44457142 0.        ],[0. 0. 0. 0. 0. 0. 0. 0. 0. 0. 0. 0. 0. 0. 0.],