[-2.28437824e-04  2.47005718e-01  5.99425971e-01  7.03749888e-01
 -2.02879253e-03  1.11809060e-01 -1.74541092e-01  3.89121124e-02
 -8.41781663e-02  0.00000000e+00],[0.72998095 0.36143017 0.28724363 0.50678296 0.62076868 0.7186226
 0.59127421 0.69955076 0.47878128 0.        ],[1.04791778 0.20588566 0.24213224 0.53028891 0.56720991 0.68839536
 0.77198643 0.58356847 0.61139447 0.        ],[1.05549744 0.27306368 0.47801032 0.54695896 0.25812274 0.36017635
 0.58918499 0.12285252 0.45982102 0.        ],[0.9534327  0.34011407 0.24062101 0.50184537 0.49384069 0.42384603
 0.48242783 0.14424659 0.24573027 0.        ],[1.07097481 0.47987543 0.41325167 0.40910934 0.462755   0.60724709
 0.60253058 0.43707441 0.07479131 0.        ],[ 1.00724329  0.34651053  0.27641769  0.40711112  0.36857185  0.47811988
  0.40821795  0.45863181 -0.09021554  0.        ],[0.60904665 0.56502053 0.48951007 0.43571656 0.51252046 0.499204
 0.41578186 0.43376752 0.27663023 0.        ],[0.34291656 0.49012627 0.5252301  0.50069441 0.50985061 0.48740443
 0.4760364  0.47462308 0.429718   0.        ],[0. 0. 0. 0. 0. 0. 0. 0. 0. 0.],