[1.8125266  0.82815537 0.64191579 0.9085759  0.65948445 0.15473105
 0.51354873 0.22232419 0.14754848 0.60251753 1.01259798 0.30468007
 0.13937992 0.37345    0.25588517 0.60259422 0.81412071 0.41480547
 0.3132693  0.        ],[0.55495251 0.56783698 0.56957279 0.53654111 0.43613495 0.45262416
 0.44229519 0.37786417 0.31020115 0.29635566 0.65264596 0.53142508
 0.37471786 0.42204728 0.50591448 0.59947105 0.56081426 0.50395895
 0.50960247 0.        ],[0.15865523 0.52863282 0.60117514 0.47509881 0.44862731 0.59350506
 0.42712813 0.37839072 0.4019103  0.20809843 0.36739188 0.56597158
 0.42021475 0.4838027  0.4721202  0.44916748 0.42117557 0.46507278
 0.5502205  0.        ],[0.34083035 0.60034913 0.67318539 0.61913863 0.59973718 0.62320457
 0.48525621 0.37486464 0.46494876 0.33686278 0.27097904 0.49251285
 0.38054778 0.51818078 0.32434988 0.2966067  0.37371747 0.3680568
 0.45247938 0.        ],[0.41734817 0.52945315 0.65235932 0.73357593 0.66495947 0.67545509
 0.64168067 0.68607337 0.58777809 0.64008111 0.58421182 0.53719691
 0.49605564 0.47440613 0.45562928 0.47889873 0.38769847 0.40540142
 0.3137535  0.        ],[0.33115984 0.51319342 0.69962719 0.81543523 0.71921439 0.76964025
 0.67062342 0.70792043 0.62179485 0.65687566 0.56367838 0.62347149
 0.5310981  0.58217265 0.48175284 0.52008136 0.44202763 0.48443134
 0.40938825 0.        ],[0.00410506 0.50074904 0.69030842 0.67335564 0.67213561 0.63245828
 0.63414861 0.59383522 0.59024409 0.55111698 0.5475244  0.50580061
 0.50565396 0.46307716 0.46070176 0.42204436 0.41364967 0.37508582
 0.3690709  0.        ],[-0.40248159  0.47154918  0.64994351  0.45516429  0.56976789  0.41302562
  0.52802172  0.36862661  0.48518504  0.32427115  0.43585833  0.28123087
  0.39537691  0.23597811  0.34845953  0.1916892   0.3054484   0.14697973
  0.26321417  0.        ],[-0.3200213   0.48191382  0.61150769  0.39440737  0.5169988   0.34887545
  0.46657382  0.30073052  0.42080137  0.25677394  0.3710249   0.20884552
  0.3251802   0.16204638  0.27544547  0.11565654  0.23256786  0.07406667
  0.19040831  0.        ],[0.42097439 0.43245513 0.4353372  0.42791111 0.40609479 0.38579711
 0.36224285 0.33983701 0.32288812 0.29753707 0.27972926 0.25347826
 0.24039976 0.21065711 0.19674738 0.16480054 0.15424718 0.12315981
 0.1138476  0.        ],[0.78432518 0.55545831 0.39271989 0.3066928  0.31259495 0.26663025
 0.26785845 0.2219473  0.22116972 0.17670124 0.17469423 0.13589535
 0.13207683 0.09342965 0.0901891  0.0497911  0.04282938 0.00725412
 0.0021059  0.        ],[0.77244207 0.45651155 0.34899276 0.36357638 0.31380277 0.32166381
 0.27752389 0.27834816 0.23702193 0.23237006 0.19626156 0.18824771
 0.15507881 0.14352385 0.11699712 0.10130551 0.07421304 0.0580528
 0.03443144 0.        ],[0.35845755 0.55362506 0.57739017 0.50851649 0.51669944 0.46519059
 0.47072495 0.4216761  0.42082274 0.37840929 0.37435663 0.33439436
 0.32474174 0.28912326 0.27955154 0.24738765 0.23386345 0.2027816
 0.18973105 0.        ],[1.12144736 0.62419919 0.44091023 0.45058598 0.39069349 0.40208881
 0.34699841 0.35381248 0.30272336 0.30683837 0.25849992 0.25991538
 0.21469368 0.21259294 0.17097895 0.17015033 0.12917134 0.12399685
 0.08272877 0.        ],[ 0.58629573  0.4524999   0.31957526  0.22420638  0.23790708  0.18388673
  0.19459491  0.14252993  0.15050714  0.10137693  0.10575524  0.06002511
  0.06301519  0.01577206  0.0156888  -0.02579915 -0.02650508 -0.06880375
 -0.07129736  0.        ],[0.60342579 0.4652347  0.39367236 0.36904411 0.3463803  0.32484302
 0.30277322 0.28096012 0.26177351 0.23650058 0.21901315 0.1933817
 0.17600957 0.14474529 0.12908715 0.10161683 0.08925247 0.06082928
 0.04603292 0.        ],[0.14885001 0.43362506 0.610177   0.67202102 0.6173172  0.6279831
 0.57341696 0.58658841 0.53298169 0.545205   0.49060562 0.50076795
 0.44462102 0.4554783  0.40190125 0.41412809 0.36005204 0.37221626
 0.31741538 0.        ],[0.24472571 0.59731206 0.7455924  0.74515344 0.72242928 0.69522799
 0.67417853 0.64964782 0.62892435 0.60323273 0.58084227 0.55448512
 0.53199602 0.50965877 0.48999315 0.46572843 0.44379294 0.41874055
 0.39820786 0.        ],[0.4835902  0.37393906 0.44959019 0.57294789 0.46368597 0.52585815
 0.41973675 0.48627488 0.37960455 0.44231167 0.33495498 0.39671517
 0.2905021  0.35495879 0.24967603 0.31163531 0.20346597 0.26219737
 0.15460563 0.        ],[0. 0. 0. 0. 0. 0. 0. 0. 0. 0. 0. 0. 0. 0. 0. 0. 0. 0. 0. 0.],