[-0.42421554  0.41192389  0.9507082   1.04957514  0.40797646  0.31502449
  0.50143401  0.55347302  0.24952205  0.15064348  0.64366368  0.46160104
  0.72883015  0.67566724  0.        ],[0.13627638 0.52291066 0.56819192 0.37461839 0.21561206 0.36239611
 0.49769646 0.52871857 0.38130053 0.4492387  0.60490574 0.50067559
 0.52365399 0.44125305 0.        ],[0.37067547 0.48872717 0.42893327 0.28579849 0.30126191 0.44601644
 0.5713327  0.63118545 0.63734156 0.63908056 0.57572645 0.53778064
 0.50543015 0.47035894 0.        ],[0.42570752 0.37278827 0.44601574 0.55575945 0.52312827 0.570682
 0.64545512 0.74821506 0.80432414 0.6968507  0.54854638 0.57974896
 0.57654957 0.62935359 0.        ],[0.49601386 0.35036717 0.48503444 0.69268993 0.58865576 0.71667413
 0.57926023 0.65645728 0.49977636 0.61160932 0.54942712 0.65591728
 0.56511929 0.65431103 0.        ],[0.22546557 0.40273388 0.58555509 0.70350089 0.63059588 0.6829153
 0.61655115 0.69188209 0.64139524 0.71987308 0.64007765 0.71011111
 0.63339809 0.70643956 0.        ],[0.37909358 0.14429501 0.36769885 0.70502885 0.50786861 0.69999838
 0.51104645 0.6884868  0.49860648 0.66232228 0.48534422 0.64407899
 0.47399973 0.62197533 0.        ],[0.07992722 0.08868126 0.35334426 0.62943094 0.46668162 0.63171689
 0.45421462 0.63492826 0.44967005 0.64686273 0.45152707 0.6601371
 0.45702732 0.67721704 0.        ],[0.23058718 0.4840011  0.54724075 0.51124249 0.55673645 0.53647022
 0.57730596 0.56046562 0.59152038 0.57611291 0.59435377 0.58151036
 0.5836655  0.57335172 0.        ],[0.1506213  0.32558573 0.55154817 0.71809151 0.61739284 0.67501771
 0.57486269 0.61182155 0.51392219 0.53418834 0.44072882 0.44673651
 0.36148966 0.3553023  0.        ],[ 0.32197724  0.07837051  0.14736617  0.30612323  0.13396355  0.21587079
  0.0536219   0.14743996 -0.00105562  0.10481624 -0.0278175   0.09200487
 -0.02499153  0.11029265  0.        ],[ 0.16401641 -0.00831018  0.01272743  0.11504117  0.09410415  0.19365394
  0.17115879  0.28523943  0.25966654  0.387612    0.35911857  0.49128396
  0.456949    0.58750994  0.        ],[-0.08288446  0.18197118  0.39428725  0.5207696   0.50453515  0.56939042
  0.54908355  0.60695579  0.5839238   0.62513026  0.58087399  0.61652806
  0.55310592  0.58073625  0.        ],[-0.01992989  0.30750001  0.48457183  0.53895236  0.53044443  0.54454671
  0.52202254  0.52026601  0.46033105  0.46512655  0.4377492   0.43111088
  0.42926536  0.44254947  0.        ],[0. 0. 0. 0. 0. 0. 0. 0. 0. 0. 0. 0. 0. 0. 0.],