[-0.10314743  0.76397934  0.80186257  0.41170653  0.42604842  0.08686898
  0.33267603  0.58996545  0.96728526  0.41983996  0.36468848  1.10331071
  1.10074615  0.74959995  0.00984333  0.39773848  0.17620203  0.55198328
  0.80881112  0.        ],[0.4289841  0.5222728  0.52121044 0.50555686 0.61662901 0.54608384
 0.60471197 0.4498152  0.49346919 0.50147445 0.56384707 0.58705386
 0.58655766 0.58305859 0.52432865 0.73930992 0.60281835 0.67549335
 0.34022056 0.        ],[0.47241756 0.46608901 0.48987897 0.53348792 0.59352788 0.66960944
 0.52770123 0.3154162  0.27966032 0.43048283 0.56165096 0.44193685
 0.28647873 0.35472835 0.53624242 0.59898384 0.5550008  0.57331707
 0.29258416 0.        ],[0.25554389 0.53499582 0.62086663 0.5602928  0.51497002 0.59755114
 0.38732109 0.34075894 0.36697559 0.37695879 0.49917381 0.55318561
 0.29869758 0.2748873  0.36295    0.31686649 0.33262758 0.40015522
 0.40594937 0.        ],[0.31547597 0.53070879 0.64317012 0.67826626 0.67166726 0.62576228
 0.74051988 0.75493701 0.72013373 0.6424371  0.64127419 0.60874434
 0.71735077 0.70253506 0.63564816 0.58117696 0.53237442 0.44985349
 0.05212378 0.        ],[ 0.41911654  0.37350258  0.42725451  0.50655218  0.45352567  0.48572591
  0.48646951  0.48414187  0.43819315  0.4226423   0.46271617  0.464873
  0.44674516  0.42836953  0.34329173  0.27451035  0.21409886  0.16883991
 -0.21460836  0.        ],[ 0.74866223  0.45136472  0.34294916  0.36596013  0.37529872  0.34209568
  0.33615873  0.32011229  0.33400483  0.35248171  0.3747592   0.33714795
  0.36244251  0.32655772  0.21973864  0.15681989  0.07878067 -0.01350725
 -0.35568606  0.        ],[ 0.62513389  0.34570123  0.3216613   0.42650825  0.38208854  0.4090177
  0.339445    0.36987845  0.38441673  0.46241995  0.38460916  0.40257241
  0.38769665  0.3985846   0.2963653   0.28829831  0.12394805  0.07378725
 -0.30953707  0.        ],[ 0.62101927  0.25197499  0.34431573  0.60740421  0.43120881  0.5662045
  0.43418808  0.52433226  0.46195515  0.59443512  0.43804962  0.52350033
  0.43027136  0.51735387  0.39257551  0.41787078  0.18128177  0.2213061
 -0.23517359  0.        ],[ 0.52590174  0.55901574  0.5681002   0.56540599  0.56639339  0.54108671
  0.58910023  0.50810246  0.575092    0.52290743  0.54609617  0.51468511
  0.53741614  0.46399222  0.49360733  0.37632984  0.28578846  0.18237658
 -0.13713573  0.        ],[ 0.6294679   0.56881808  0.50353856  0.46370341  0.49491861  0.44964739
  0.52365535  0.40908984  0.50499927  0.43029407  0.497186    0.41245528
  0.4453333   0.3140355   0.3779189   0.23703639  0.2174591   0.0404375
 -0.22509229  0.        ],[ 0.53279787  0.40002376  0.36712148  0.39742775  0.3996747   0.39130696
  0.39681105  0.33906459  0.40917789  0.42451084  0.40996684  0.32756367
  0.31172035  0.24487443  0.24994007  0.20151851  0.1251502  -0.02509311
 -0.33755028  0.        ],[ 0.80190239  0.29537594  0.23375148  0.39747784  0.32306765  0.43063386
  0.3049082   0.35131109  0.31014008  0.44350439  0.30893691  0.33882145
  0.23514071  0.28752186  0.19359794  0.28041339  0.08201356  0.01831826
 -0.4149942   0.        ],[ 0.92076165  0.40466718  0.34011969  0.49677943  0.39336062  0.51111641
  0.40453771  0.48241934  0.39982478  0.53410804  0.39734279  0.45802488
  0.34064166  0.42083199  0.33114661  0.3971343   0.16224197  0.1631148
 -0.27987558  0.        ],[ 0.57353816  0.45693183  0.50555226  0.60759591  0.52980701  0.58178248
  0.54164306  0.58930919  0.5411287   0.61022997  0.55367034  0.58931743
  0.49647752  0.51717464  0.4630266   0.42563046  0.22684132  0.24614294
 -0.14047675  0.        ],[ 0.29466522  0.25415716  0.41912551  0.62099786  0.50938761  0.59811355
  0.50699577  0.58661863  0.50920435  0.59183183  0.55882914  0.61679762
  0.49808846  0.53204115  0.42763344  0.36081449  0.16138481  0.20107788
 -0.18912075  0.        ],[ 0.35325298  0.51720885  0.49467904  0.39603435  0.45128434  0.39664441
  0.47689551  0.42382016  0.4720565   0.41294098  0.50636513  0.43136787
  0.46592119  0.42261099  0.43209383  0.26543103  0.19406537  0.10321686
 -0.20914858  0.        ],[ 0.45345949  0.59888214  0.58902227  0.50736734  0.53919696  0.52509206
  0.56940781  0.50292557  0.54432198  0.52409177  0.57122281  0.49394607
  0.54772155  0.5245698   0.55718634  0.41673703  0.34302235  0.24136197
 -0.10144063  0.        ],[ 0.33069665  0.5347161   0.65020771  0.67999629  0.65664746  0.72594045
  0.69110064  0.66653596  0.63437513  0.70029584  0.64415629  0.64408791
  0.62493215  0.66403154  0.63028093  0.62599819  0.47670765  0.41570665
 -0.02845382  0.        ],[0. 0. 0. 0. 0. 0. 0. 0. 0. 0. 0. 0. 0. 0. 0. 0. 0. 0. 0. 0.],